
12月24日23时06分greedy begin!
set size 1->[9646]
12月27日13时24分TLLFGreedy begin!
set size 1->[6382]
set size 2->[6382, 8842]
set size 3->[6382, 547, 8842]
set size 4->[6382, 883, 547, 8842]
set size 5->[6382, 883, 547, 8842, 3143]
set size 6->[6382, 883, 547, 8842, 7811, 3143]
set size 7->[6382, 883, 547, 8842, 7811, 3143, 2499]
set size 8->[6382, 883, 547, 8842, 11326, 7811, 3143, 2499]
set size 9->[6382, 883, 547, 8842, 11326, 7811, 1312, 3143, 2499]
set size 10->[6382, 883, 1848, 547, 8842, 11326, 7811, 1312, 3143, 2499]
set size 11->[6382, 883, 1848, 547, 8842, 11326, 7811, 1312, 3143, 2499, 10569]
set size 12->[6382, 883, 7300, 1848, 547, 8842, 11326, 7811, 1312, 3143, 2499, 10569]
set size 13->[883, 8842, 547, 1848, 11326, 2499, 10569, 4441, 6382, 7300, 7811, 1312, 3143]
set size 14->[883, 8842, 547, 1848, 11326, 2499, 10569, 4441, 6382, 4928, 7300, 7811, 1312, 3143]
set size 15->[883, 8842, 547, 1848, 11326, 2499, 10569, 4441, 6382, 4928, 7300, 7513, 7811, 1312, 3143]
set size 16->[883, 10909, 8842, 547, 1848, 11326, 2499, 10569, 4441, 6382, 4928, 7300, 7513, 7811, 1312, 3143]
set size 17->[883, 10909, 8842, 547, 1848, 11326, 2499, 10569, 4441, 6382, 4928, 7300, 7513, 7811, 1312, 2694, 3143]
set size 18->[883, 10909, 11415, 8842, 547, 1848, 11326, 2499, 10569, 4441, 6382, 4928, 7300, 7513, 7811, 1312, 2694, 3143]
set size 19->[10666, 883, 10909, 11415, 8842, 547, 1848, 11326, 2499, 10569, 4441, 6382, 4928, 7300, 7513, 7811, 1312, 2694, 3143]
set size 20->[10666, 883, 10909, 11415, 8842, 547, 1848, 11326, 2499, 10569, 4441, 6382, 4928, 7300, 7513, 7811, 1312, 2694, 3143, 5853]
set size 21->[10666, 883, 10909, 11415, 8842, 547, 1848, 11326, 2499, 10569, 4441, 6382, 4928, 7300, 7513, 7811, 1312, 2694, 3143, 5853, 7126]
set size 22->[10666, 883, 10909, 11415, 8842, 547, 1848, 11326, 2499, 10569, 4441, 6382, 4928, 7300, 11336, 7513, 7811, 1312, 2694, 3143, 5853, 7126]
set size 23->[10666, 883, 10909, 11415, 8842, 547, 1848, 11326, 8836, 2499, 10569, 4441, 6382, 4928, 7300, 11336, 7513, 7811, 1312, 2694, 3143, 5853, 7126]
set size 24->[10666, 883, 10909, 11415, 8842, 547, 1848, 11326, 586, 8836, 2499, 10569, 4441, 6382, 4928, 7300, 11336, 7513, 7811, 1312, 2694, 3143, 5853, 7126]
set size 25->[883, 1848, 547, 11415, 2499, 10569, 6382, 4928, 11336, 7811, 3143, 5853, 7126, 10666, 10909, 3317, 8842, 11326, 586, 8836, 4441, 7300, 7513, 1312, 2694]
set size 26->[883, 1848, 547, 11415, 2499, 10569, 6382, 4928, 11336, 7811, 3143, 5853, 7126, 10666, 10909, 3317, 8842, 11326, 586, 8836, 4441, 2354, 7300, 7513, 1312, 2694]
set size 27->[883, 1848, 547, 11415, 2499, 10569, 2497, 6382, 4928, 11336, 7811, 3143, 5853, 7126, 10666, 10909, 3317, 8842, 11326, 586, 8836, 4441, 2354, 7300, 7513, 1312, 2694]
set size 28->[883, 1848, 547, 11415, 2499, 10569, 2497, 6382, 4928, 11336, 7811, 3143, 5853, 7126, 10666, 10909, 3317, 8842, 11326, 586, 8836, 4441, 2354, 2697, 7300, 7513, 1312, 2694]
set size 29->[883, 1848, 547, 11415, 2499, 10569, 2497, 6382, 4928, 11336, 7811, 3143, 5853, 7126, 10666, 10909, 3317, 8842, 11326, 586, 8836, 4441, 2354, 2697, 7300, 3712, 7513, 1312, 2694]
set size 30->[883, 1848, 547, 11415, 2499, 10569, 2497, 6382, 4928, 11336, 7811, 3143, 5853, 7126, 10666, 10909, 3317, 8842, 11326, 586, 3498, 8836, 4441, 2354, 2697, 7300, 3712, 7513, 1312, 2694]
set size 31->[883, 1848, 547, 11415, 2499, 10569, 2497, 6382, 4928, 11336, 7811, 3143, 5853, 7126, 10666, 10909, 3317, 8842, 11326, 586, 3498, 8836, 4441, 2354, 2697, 7300, 3712, 7513, 1312, 10827, 2694]
set size 32->[883, 1848, 547, 11415, 2499, 10569, 2497, 6382, 4928, 11336, 7811, 7679, 3143, 5853, 7126, 10666, 10909, 3317, 8842, 11326, 586, 3498, 8836, 4441, 2354, 2697, 7300, 3712, 7513, 1312, 10827, 2694]
set size 33->[883, 1848, 547, 11415, 2499, 10569, 2497, 6382, 4928, 11336, 7811, 7679, 3143, 5853, 7126, 10666, 10909, 3317, 8842, 11326, 586, 3498, 8836, 5127, 4441, 2354, 2697, 7300, 3712, 7513, 1312, 10827, 2694]
set size 34->[883, 1848, 547, 11415, 2499, 10569, 2497, 6382, 4928, 7667, 11336, 7811, 7679, 3143, 5853, 7126, 10666, 10909, 3317, 8842, 11326, 586, 3498, 8836, 5127, 4441, 2354, 2697, 7300, 3712, 7513, 1312, 10827, 2694]
set size 35->[2675, 883, 1848, 547, 11415, 2499, 10569, 2497, 6382, 4928, 7667, 11336, 7811, 7679, 3143, 5853, 7126, 10666, 10909, 3317, 8842, 11326, 586, 3498, 8836, 5127, 4441, 2354, 2697, 7300, 3712, 7513, 1312, 10827, 2694]
set size 36->[2675, 883, 1848, 547, 11415, 2499, 10569, 2497, 6382, 4928, 7667, 11336, 7811, 6524, 7679, 3143, 5853, 7126, 10666, 10909, 3317, 8842, 11326, 586, 3498, 8836, 5127, 4441, 2354, 2697, 7300, 3712, 7513, 1312, 10827, 2694]
set size 37->[2675, 883, 1848, 547, 11415, 2499, 10569, 2497, 6382, 4928, 7667, 11336, 7811, 6524, 7679, 3143, 5853, 7126, 10666, 10909, 3317, 8842, 11326, 586, 3498, 8836, 5127, 4441, 2354, 2697, 7300, 3712, 4898, 7513, 1312, 10827, 2694]
set size 38->[2675, 883, 1848, 547, 11415, 2499, 10569, 2497, 6382, 4928, 7667, 11336, 7811, 6524, 7679, 3143, 5853, 7126, 10666, 10909, 3317, 8842, 11326, 586, 3498, 8836, 5127, 4441, 2354, 2697, 7300, 3712, 4898, 7513, 1312, 10827, 723, 2694]
set size 39->[2675, 883, 2203, 1848, 547, 11415, 2499, 10569, 2497, 6382, 4928, 7667, 11336, 7811, 6524, 7679, 3143, 5853, 7126, 10666, 10909, 3317, 8842, 11326, 586, 3498, 8836, 5127, 4441, 2354, 2697, 7300, 3712, 4898, 7513, 1312, 10827, 723, 2694]
set size 40->[2675, 883, 2203, 1848, 547, 11415, 2499, 10569, 2497, 6382, 4928, 7667, 11336, 7811, 6524, 7679, 3143, 5853, 7126, 9983, 10666, 10909, 3317, 8842, 11326, 586, 3498, 8836, 5127, 4441, 2354, 2697, 7300, 3712, 4898, 7513, 1312, 10827, 723, 2694]
set size 41->[2675, 883, 2203, 8199, 1848, 547, 11415, 2499, 10569, 2497, 6382, 4928, 7667, 11336, 7811, 6524, 7679, 3143, 5853, 7126, 9983, 10666, 10909, 3317, 8842, 11326, 586, 3498, 8836, 5127, 4441, 2354, 2697, 7300, 3712, 4898, 7513, 1312, 10827, 723, 2694]
set size 42->[2675, 883, 2203, 8199, 1848, 547, 11415, 2499, 5078, 10569, 2497, 6382, 4928, 7667, 11336, 7811, 6524, 7679, 3143, 5853, 7126, 9983, 10666, 10909, 3317, 8842, 11326, 586, 3498, 8836, 5127, 4441, 2354, 2697, 7300, 3712, 4898, 7513, 1312, 10827, 723, 2694]
set size 43->[2675, 883, 3456, 2203, 8199, 1848, 547, 11415, 2499, 5078, 10569, 2497, 6382, 4928, 7667, 11336, 7811, 6524, 7679, 3143, 5853, 7126, 9983, 10666, 10909, 3317, 8842, 11326, 586, 3498, 8836, 5127, 4441, 2354, 2697, 7300, 3712, 4898, 7513, 1312, 10827, 723, 2694]
set size 44->[2675, 11896, 883, 3456, 2203, 8199, 1848, 547, 11415, 2499, 5078, 10569, 2497, 6382, 4928, 7667, 11336, 7811, 6524, 7679, 3143, 5853, 7126, 9983, 10666, 10909, 3317, 8842, 11326, 586, 3498, 8836, 5127, 4441, 2354, 2697, 7300, 3712, 4898, 7513, 1312, 10827, 723, 2694]
set size 45->[2675, 11896, 883, 3456, 2203, 8199, 1848, 547, 11415, 2499, 5078, 10569, 2497, 6382, 4928, 7667, 11336, 7811, 6524, 7679, 3143, 5853, 7126, 9983, 10666, 10909, 3317, 4100, 8842, 11326, 586, 3498, 8836, 5127, 4441, 2354, 2697, 7300, 3712, 4898, 7513, 1312, 10827, 723, 2694]
set size 46->[2675, 11896, 883, 3456, 2203, 8199, 1848, 547, 11415, 2499, 5078, 10569, 2497, 6382, 4928, 7667, 11336, 7811, 6524, 7679, 3143, 5853, 7126, 9983, 10666, 10909, 3317, 4100, 8842, 11326, 586, 3498, 8836, 5127, 4441, 2354, 2697, 7300, 3712, 4898, 7513, 1312, 10827, 723, 2694, 6699]
set size 47->[2675, 11896, 883, 3456, 2203, 8199, 1848, 547, 11415, 2499, 5078, 10569, 2497, 6382, 4928, 7667, 11336, 7811, 6524, 7679, 3143, 5853, 7126, 9983, 10666, 10909, 3317, 4100, 8842, 11326, 4225, 586, 3498, 8836, 5127, 4441, 2354, 2697, 7300, 3712, 4898, 7513, 1312, 10827, 723, 2694, 6699]
set size 48->[2675, 11896, 883, 3456, 2203, 8199, 1848, 547, 11415, 2499, 5078, 10569, 2497, 6382, 4928, 9364, 7667, 11336, 7811, 6524, 7679, 3143, 5853, 7126, 9983, 10666, 10909, 3317, 4100, 8842, 11326, 4225, 586, 3498, 8836, 5127, 4441, 2354, 2697, 7300, 3712, 4898, 7513, 1312, 10827, 723, 2694, 6699]
set size 49->[2203, 11415, 547, 406, 10569, 7667, 9364, 7679, 3143, 5853, 3317, 4100, 11326, 4225, 2354, 2697, 7513, 4898, 10827, 2694, 6699, 2675, 11896, 883, 3456, 1848, 8199, 2499, 5078, 2497, 6382, 4928, 11336, 7811, 6524, 7126, 9983, 10666, 10909, 8842, 586, 8836, 3498, 5127, 4441, 7300, 3712, 1312, 723]
set size 50->[2203, 11415, 547, 406, 10569, 7667, 9364, 7679, 3143, 5853, 3317, 4100, 11326, 4225, 439, 2354, 2697, 7513, 4898, 10827, 2694, 6699, 2675, 11896, 883, 3456, 1848, 8199, 2499, 5078, 2497, 6382, 4928, 11336, 7811, 6524, 7126, 9983, 10666, 10909, 8842, 586, 8836, 3498, 5127, 4441, 7300, 3712, 1312, 723]
12月27日13时26分TLLFGreedy spend->129.173seconds
12月27日13时26分SingleDiscount begin!
set size 1->[9646]
set size 2->[1156, 9646]
set size 3->[1156, 4516, 9646]
set size 4->[1156, 2412, 4516, 9646]
set size 5->[1156, 5483, 2412, 4516, 9646]
set size 6->[1156, 5483, 2412, 4288, 4516, 9646]
set size 7->[10134, 1156, 5483, 2412, 4288, 4516, 9646]
set size 8->[10134, 1156, 5483, 2412, 4988, 4288, 4516, 9646]
set size 9->[8845, 10134, 1156, 5483, 2412, 4988, 4288, 4516, 9646]
set size 10->[8845, 10134, 1156, 5483, 2412, 4988, 4288, 4516, 9646, 4127]
set size 11->[8845, 10134, 1156, 5483, 2412, 602, 4988, 4288, 4516, 9646, 4127]
set size 12->[11389, 8845, 10134, 1156, 5483, 2412, 602, 4988, 4288, 4516, 9646, 4127]
set size 13->[11389, 10134, 8845, 1156, 2412, 4288, 4988, 6991, 5483, 602, 4516, 9646, 4127]
set size 14->[11389, 10134, 8845, 1156, 2412, 4288, 4988, 6991, 5483, 602, 11876, 4516, 9646, 4127]
set size 15->[11389, 10134, 8845, 1156, 2412, 4288, 4988, 6991, 5483, 602, 4875, 11876, 4516, 9646, 4127]
set size 16->[11389, 10134, 8845, 8940, 1156, 2412, 4288, 4988, 6991, 5483, 602, 4875, 11876, 4516, 9646, 4127]
set size 17->[11389, 10134, 8845, 8940, 1156, 9924, 2412, 4288, 4988, 6991, 5483, 602, 4875, 11876, 4516, 9646, 4127]
set size 18->[11389, 4197, 10134, 8845, 8940, 1156, 9924, 2412, 4288, 4988, 6991, 5483, 602, 4875, 11876, 4516, 9646, 4127]
set size 19->[11389, 4197, 10134, 8845, 8940, 1156, 9924, 2412, 4288, 4988, 6991, 5483, 602, 4875, 11876, 4516, 9646, 5203, 4127]
set size 20->[11389, 4197, 10134, 8845, 8940, 1156, 6704, 9924, 2412, 4288, 4988, 6991, 5483, 602, 4875, 11876, 4516, 9646, 5203, 4127]
set size 21->[11389, 4197, 10134, 8845, 8940, 1156, 6704, 9924, 2412, 4288, 4988, 6991, 1003, 5483, 602, 4875, 11876, 4516, 9646, 5203, 4127]
set size 22->[11389, 4197, 10134, 8845, 8940, 1156, 6704, 9924, 2412, 4288, 4988, 6991, 1003, 5879, 5483, 602, 4875, 11876, 4516, 9646, 5203, 4127]
set size 23->[11389, 4197, 10134, 8845, 8940, 1156, 6704, 9924, 2412, 4288, 4988, 6991, 1003, 5879, 5483, 602, 6852, 4875, 11876, 4516, 9646, 5203, 4127]
set size 24->[11389, 4197, 10134, 8845, 8940, 1156, 988, 6704, 9924, 2412, 4288, 4988, 6991, 1003, 5879, 5483, 602, 6852, 4875, 11876, 4516, 9646, 5203, 4127]
set size 25->[4197, 1156, 8940, 6991, 3530, 1003, 5483, 4516, 11876, 4875, 6852, 11389, 8845, 10134, 6704, 988, 9924, 2412, 4988, 4288, 5879, 602, 9646, 4127, 5203]
set size 26->[4197, 1156, 8940, 3829, 6991, 3530, 1003, 5483, 4516, 11876, 4875, 6852, 11389, 8845, 10134, 6704, 988, 9924, 2412, 4988, 4288, 5879, 602, 9646, 4127, 5203]
set size 27->[4197, 1156, 8940, 3829, 6991, 3530, 1003, 3689, 5483, 4516, 11876, 4875, 6852, 11389, 8845, 10134, 6704, 988, 9924, 2412, 4988, 4288, 5879, 602, 9646, 4127, 5203]
set size 28->[4197, 2507, 1156, 8940, 3829, 6991, 3530, 1003, 3689, 5483, 4516, 11876, 4875, 6852, 11389, 8845, 10134, 6704, 988, 9924, 2412, 4988, 4288, 5879, 602, 9646, 4127, 5203]
set size 29->[4197, 2507, 1156, 8940, 3829, 6991, 3530, 1003, 3689, 3964, 5483, 4516, 11876, 4875, 6852, 11389, 8845, 10134, 6704, 988, 9924, 2412, 4988, 4288, 5879, 602, 9646, 4127, 5203]
set size 30->[4197, 2507, 1156, 8940, 3829, 6991, 3530, 1003, 3689, 8513, 3964, 5483, 4516, 11876, 4875, 6852, 11389, 8845, 10134, 6704, 988, 9924, 2412, 4988, 4288, 5879, 602, 9646, 4127, 5203]
set size 31->[4197, 2507, 1156, 8940, 3829, 6991, 7043, 3530, 1003, 3689, 8513, 3964, 5483, 4516, 11876, 4875, 6852, 11389, 8845, 10134, 6704, 988, 9924, 2412, 4988, 4288, 5879, 602, 9646, 4127, 5203]
set size 32->[4197, 2507, 1156, 8940, 3829, 6991, 7043, 3530, 1003, 3689, 8513, 3964, 5483, 4516, 11876, 4875, 6852, 11389, 8845, 10134, 6704, 988, 9924, 2412, 4988, 4288, 911, 5879, 602, 9646, 4127, 5203]
set size 33->[4197, 2507, 1156, 8940, 3829, 6991, 7043, 3530, 1003, 3689, 8513, 3964, 5483, 10082, 4516, 11876, 4875, 6852, 11389, 8845, 10134, 6704, 988, 9924, 2412, 4988, 4288, 911, 5879, 602, 9646, 4127, 5203]
set size 34->[4197, 2507, 1156, 8940, 3829, 6991, 7043, 3530, 6507, 1003, 3689, 8513, 3964, 5483, 10082, 4516, 11876, 4875, 6852, 11389, 8845, 10134, 6704, 988, 9924, 2412, 4988, 4288, 911, 5879, 602, 9646, 4127, 5203]
set size 35->[4197, 2507, 1156, 8940, 3829, 6991, 7043, 3530, 6507, 1003, 5245, 3689, 8513, 3964, 5483, 10082, 4516, 11876, 4875, 6852, 11389, 8845, 10134, 6704, 988, 9924, 2412, 4988, 4288, 911, 5879, 602, 9646, 4127, 5203]
set size 36->[4197, 2507, 3642, 1156, 8940, 3829, 6991, 7043, 3530, 6507, 1003, 5245, 3689, 8513, 3964, 5483, 10082, 4516, 11876, 4875, 6852, 11389, 8845, 10134, 6704, 988, 9924, 2412, 4988, 4288, 911, 5879, 602, 9646, 4127, 5203]
set size 37->[4197, 2507, 3642, 1156, 8940, 3829, 6991, 7043, 3530, 6507, 1003, 5245, 3689, 8513, 3964, 11260, 5483, 10082, 4516, 11876, 4875, 6852, 11389, 8845, 10134, 6704, 988, 9924, 2412, 4988, 4288, 911, 5879, 602, 9646, 4127, 5203]
set size 38->[4197, 2507, 3642, 1156, 8940, 3829, 6991, 7043, 3530, 6507, 1003, 5245, 3689, 8513, 3964, 11260, 5483, 10082, 4516, 11876, 4875, 6852, 11389, 8845, 10134, 2238, 6704, 988, 9924, 2412, 4988, 4288, 911, 5879, 602, 9646, 4127, 5203]
set size 39->[4197, 2507, 3642, 1156, 8940, 3829, 6991, 7043, 3530, 6507, 1003, 5245, 3689, 8513, 3964, 11260, 5483, 10082, 4516, 11876, 4875, 6852, 11389, 8845, 10134, 2238, 6704, 988, 9924, 2412, 4988, 4288, 911, 6116, 5879, 602, 9646, 4127, 5203]
set size 40->[4197, 2507, 3642, 1156, 8940, 3829, 6991, 7043, 3530, 6507, 1003, 5245, 3689, 8513, 3964, 11260, 5483, 10082, 4516, 11876, 4875, 6852, 11389, 8845, 10134, 2238, 6704, 988, 11214, 9924, 2412, 4988, 4288, 911, 6116, 5879, 602, 9646, 4127, 5203]
set size 41->[4197, 2507, 3642, 1156, 8940, 3829, 6991, 7043, 3530, 6507, 1003, 5245, 3689, 8513, 3964, 11260, 5483, 10082, 4516, 11876, 4875, 6852, 11389, 8845, 10134, 7859, 2238, 6704, 988, 11214, 9924, 2412, 4988, 4288, 911, 6116, 5879, 602, 9646, 4127, 5203]
set size 42->[4197, 2507, 3642, 1156, 8940, 3829, 6991, 7043, 3530, 6507, 6382, 1003, 5245, 3689, 8513, 3964, 11260, 5483, 10082, 4516, 11876, 4875, 6852, 11389, 8845, 10134, 7859, 2238, 6704, 988, 11214, 9924, 2412, 4988, 4288, 911, 6116, 5879, 602, 9646, 4127, 5203]
set size 43->[4197, 2507, 3642, 1156, 8940, 3829, 6991, 7043, 3530, 6507, 6382, 5244, 1003, 5245, 3689, 8513, 3964, 11260, 5483, 10082, 4516, 11876, 4875, 6852, 11389, 8845, 10134, 7859, 2238, 6704, 988, 11214, 9924, 2412, 4988, 4288, 911, 6116, 5879, 602, 9646, 4127, 5203]
set size 44->[4197, 2507, 3642, 1156, 8940, 3829, 6991, 7043, 3530, 6507, 6382, 5244, 1003, 5245, 3689, 8513, 3964, 11260, 5483, 10082, 4516, 11876, 4875, 6852, 7887, 11389, 8845, 10134, 7859, 2238, 6704, 988, 11214, 9924, 2412, 4988, 4288, 911, 6116, 5879, 602, 9646, 4127, 5203]
set size 45->[4197, 2507, 3642, 1156, 8940, 3829, 6991, 7043, 3530, 6507, 6382, 5244, 1003, 5245, 3689, 8513, 3964, 11260, 5483, 10082, 4516, 11876, 4875, 6852, 3077, 7887, 11389, 8845, 10134, 7859, 2238, 6704, 988, 11214, 9924, 2412, 4988, 4288, 911, 6116, 5879, 602, 9646, 4127, 5203]
set size 46->[4197, 2507, 3642, 1156, 8940, 3829, 3088, 6991, 7043, 3530, 6507, 6382, 5244, 1003, 5245, 3689, 8513, 3964, 11260, 5483, 10082, 4516, 11876, 4875, 6852, 3077, 7887, 11389, 8845, 10134, 7859, 2238, 6704, 988, 11214, 9924, 2412, 4988, 4288, 911, 6116, 5879, 602, 9646, 4127, 5203]
set size 47->[4197, 2507, 3642, 1156, 8940, 3829, 3088, 6991, 7043, 3530, 6507, 6382, 5244, 1003, 5245, 3689, 8513, 3964, 11260, 5483, 10082, 4220, 4516, 11876, 4875, 6852, 3077, 7887, 11389, 8845, 10134, 7859, 2238, 6704, 988, 11214, 9924, 2412, 4988, 4288, 911, 6116, 5879, 602, 9646, 4127, 5203]
set size 48->[4197, 2507, 3642, 1156, 8940, 3829, 3088, 6991, 7043, 3530, 6507, 6382, 5244, 1003, 8413, 5245, 3689, 8513, 3964, 11260, 5483, 10082, 4220, 4516, 11876, 4875, 6852, 3077, 7887, 11389, 8845, 10134, 7859, 2238, 6704, 988, 11214, 9924, 2412, 4988, 4288, 911, 6116, 5879, 602, 9646, 4127, 5203]
set size 49->[8940, 3829, 3530, 7043, 5244, 3689, 5245, 8413, 3964, 8513, 5483, 11260, 4875, 4516, 7887, 10134, 2238, 6704, 11214, 911, 5879, 6116, 9646, 5203, 4127, 4197, 2507, 1156, 3642, 3088, 6991, 6507, 6382, 1003, 10082, 4220, 6852, 11876, 3077, 11389, 11508, 8845, 7859, 988, 9924, 2412, 4288, 4988, 602]
set size 50->[8940, 3829, 3530, 7043, 5244, 3689, 5245, 8413, 3964, 8513, 5483, 11260, 4875, 4516, 7887, 10134, 2238, 6704, 11214, 3429, 911, 5879, 6116, 9646, 5203, 4127, 4197, 2507, 1156, 3642, 3088, 6991, 6507, 6382, 1003, 10082, 4220, 6852, 11876, 3077, 11389, 11508, 8845, 7859, 988, 9924, 2412, 4288, 4988, 602]
12月27日13时26分SingleDiscount spend->2.16seconds
12月27日13时26分random begin!
set size 1->[7286]
set size 2->[7286, 2530]
set size 3->[7286, 11514, 2530]
set size 4->[7286, 11950, 11514, 2530]
set size 5->[7286, 11950, 11514, 10055, 2530]
set size 6->[4766, 7286, 11950, 11514, 10055, 2530]
set size 7->[4766, 7286, 11950, 8935, 11514, 10055, 2530]
set size 8->[4766, 10278, 7286, 11950, 8935, 11514, 10055, 2530]
set size 9->[4766, 10278, 7286, 11950, 759, 8935, 11514, 10055, 2530]
set size 10->[4766, 10278, 7286, 11950, 4546, 759, 8935, 11514, 10055, 2530]
set size 11->[4766, 5657, 10278, 7286, 11950, 4546, 759, 8935, 11514, 10055, 2530]
set size 12->[4766, 8752, 5657, 10278, 7286, 11950, 4546, 759, 8935, 11514, 10055, 2530]
set size 13->[7286, 10693, 11514, 8935, 2530, 4766, 5657, 8752, 10278, 11950, 4546, 759, 10055]
set size 14->[7943, 7286, 10693, 11514, 8935, 2530, 4766, 5657, 8752, 10278, 11950, 4546, 759, 10055]
set size 15->[9413, 7943, 7286, 10693, 11514, 8935, 2530, 4766, 5657, 8752, 10278, 11950, 4546, 759, 10055]
set size 16->[6978, 9413, 7943, 7286, 10693, 11514, 8935, 2530, 4766, 5657, 8752, 10278, 11950, 4546, 759, 10055]
set size 17->[6978, 9413, 7943, 7286, 10693, 11514, 8935, 2530, 4766, 5657, 8752, 10278, 11950, 4546, 759, 60, 10055]
set size 18->[6978, 9413, 7943, 7286, 10693, 11514, 8935, 2530, 4766, 5657, 8752, 10278, 1830, 11950, 4546, 759, 60, 10055]
set size 19->[6978, 9413, 7943, 7286, 10693, 11514, 8935, 2530, 3081, 4766, 5657, 8752, 10278, 1830, 11950, 4546, 759, 60, 10055]
set size 20->[6978, 9413, 7943, 7286, 10693, 11514, 8935, 2530, 3081, 4766, 6657, 5657, 8752, 10278, 1830, 11950, 4546, 759, 60, 10055]
set size 21->[6978, 9413, 7943, 7286, 10693, 11514, 8935, 2530, 3081, 4766, 6657, 5657, 8752, 10278, 9067, 1830, 11950, 4546, 759, 60, 10055]
set size 22->[6978, 6131, 9413, 7943, 7286, 10693, 11514, 8935, 2530, 3081, 4766, 6657, 5657, 8752, 10278, 9067, 1830, 11950, 4546, 759, 60, 10055]
set size 23->[6978, 6131, 9413, 7943, 7286, 10693, 1503, 11514, 8935, 2530, 3081, 4766, 6657, 5657, 8752, 10278, 9067, 1830, 11950, 4546, 759, 60, 10055]
set size 24->[6978, 6131, 9413, 7943, 7286, 10693, 11312, 1503, 11514, 8935, 2530, 3081, 4766, 6657, 5657, 8752, 10278, 9067, 1830, 11950, 4546, 759, 60, 10055]
set size 25->[6978, 9413, 10693, 7286, 7943, 1503, 8935, 9204, 3081, 4766, 6657, 8752, 5657, 9067, 1830, 11950, 759, 6131, 11312, 11514, 2530, 10278, 4546, 10055, 60]
set size 26->[6978, 9413, 5829, 10693, 7286, 7943, 1503, 8935, 9204, 3081, 4766, 6657, 8752, 5657, 9067, 1830, 11950, 759, 6131, 11312, 11514, 2530, 10278, 4546, 10055, 60]
set size 27->[6978, 9413, 5829, 10693, 7286, 7943, 1503, 8935, 9204, 3081, 10208, 4766, 6657, 8752, 5657, 9067, 1830, 11950, 759, 6131, 11312, 11514, 2530, 10278, 4546, 10055, 60]
set size 28->[6978, 9413, 5829, 10693, 7286, 7943, 1503, 8935, 9204, 3081, 10208, 4766, 6657, 8752, 5657, 11070, 9067, 1830, 11950, 759, 6131, 11312, 11514, 2530, 10278, 4546, 10055, 60]
set size 29->[6978, 9413, 5829, 10693, 7286, 7943, 1503, 8935, 9204, 3081, 10208, 4766, 6657, 8752, 5657, 11070, 9067, 1830, 11950, 759, 2063, 6131, 11312, 11514, 2530, 10278, 4546, 10055, 60]
set size 30->[6978, 9413, 5829, 10693, 7286, 7943, 1503, 8935, 9204, 3081, 10208, 4766, 6657, 8752, 5657, 11070, 9067, 1830, 11950, 759, 2063, 6131, 11312, 11514, 4044, 2530, 10278, 4546, 10055, 60]
set size 31->[6978, 9413, 5829, 10693, 7286, 7943, 1503, 8935, 9204, 3081, 10208, 4766, 6657, 8752, 5657, 11070, 9067, 2397, 1830, 11950, 759, 2063, 6131, 11312, 11514, 4044, 2530, 10278, 4546, 10055, 60]
set size 32->[6978, 9413, 5829, 10693, 7286, 7943, 1503, 8935, 9204, 3081, 10208, 4766, 6657, 8752, 5657, 11070, 9067, 2397, 1830, 11950, 759, 2063, 6131, 920, 11312, 11514, 4044, 2530, 10278, 4546, 10055, 60]
set size 33->[6978, 9413, 5829, 10693, 7286, 7943, 1503, 8935, 9204, 3081, 10208, 4766, 6657, 8752, 5657, 11070, 9067, 2397, 1830, 11950, 759, 2063, 6131, 920, 11312, 11514, 4044, 2530, 5815, 10278, 4546, 10055, 60]
set size 34->[6978, 9413, 5829, 10693, 7286, 7943, 1503, 8935, 9204, 3081, 10208, 4766, 6657, 8752, 5657, 11070, 9067, 2397, 1830, 11950, 759, 2063, 6131, 920, 2237, 11312, 11514, 4044, 2530, 5815, 10278, 4546, 10055, 60]
set size 35->[6978, 9413, 5829, 10693, 7286, 7943, 1503, 8935, 9204, 3081, 10208, 4766, 6657, 8752, 5657, 11070, 9067, 2397, 1830, 11950, 759, 2063, 6131, 11988, 920, 2237, 11312, 11514, 4044, 2530, 5815, 10278, 4546, 10055, 60]
set size 36->[6978, 9413, 11533, 5829, 10693, 7286, 7943, 1503, 8935, 9204, 3081, 10208, 4766, 6657, 8752, 5657, 11070, 9067, 2397, 1830, 11950, 759, 2063, 6131, 11988, 920, 2237, 11312, 11514, 4044, 2530, 5815, 10278, 4546, 10055, 60]
set size 37->[6978, 9413, 9011, 11533, 5829, 10693, 7286, 7943, 1503, 8935, 9204, 3081, 10208, 4766, 6657, 8752, 5657, 11070, 9067, 2397, 1830, 11950, 759, 2063, 6131, 11988, 920, 2237, 11312, 11514, 4044, 2530, 5815, 10278, 4546, 10055, 60]
set size 38->[6978, 9413, 9011, 11533, 5829, 10693, 7286, 7943, 1503, 8935, 9204, 3081, 10208, 4766, 6657, 8752, 5657, 11070, 9067, 2397, 1830, 11950, 759, 2063, 6131, 3851, 11988, 920, 2237, 11312, 11514, 4044, 2530, 5815, 10278, 4546, 10055, 60]
set size 39->[6978, 9413, 9011, 11533, 5829, 10693, 7286, 7943, 1503, 11961, 8935, 9204, 3081, 10208, 4766, 6657, 8752, 5657, 11070, 9067, 2397, 1830, 11950, 759, 2063, 6131, 3851, 11988, 920, 2237, 11312, 11514, 4044, 2530, 5815, 10278, 4546, 10055, 60]
set size 40->[6978, 9413, 9011, 11533, 5829, 10693, 7286, 7943, 11055, 1503, 11961, 8935, 9204, 3081, 10208, 4766, 6657, 8752, 5657, 11070, 9067, 2397, 1830, 11950, 759, 2063, 6131, 3851, 11988, 920, 2237, 11312, 11514, 4044, 2530, 5815, 10278, 4546, 10055, 60]
set size 41->[6978, 9413, 9011, 11533, 5829, 10693, 7286, 7943, 11055, 1503, 11961, 8935, 9204, 3081, 10208, 4766, 6657, 8752, 5657, 11070, 9067, 2397, 1830, 11950, 759, 2063, 6131, 3851, 11988, 920, 2237, 11312, 11514, 4044, 2530, 2353, 5815, 10278, 4546, 10055, 60]
set size 42->[6978, 9413, 9011, 11533, 5829, 10693, 7286, 7943, 11055, 1503, 11961, 8935, 9204, 3081, 10208, 4766, 6657, 8752, 5657, 11070, 9067, 2397, 1830, 11950, 759, 2063, 6131, 3851, 11988, 920, 2237, 11312, 11514, 4044, 2530, 2353, 5815, 10278, 4546, 847, 10055, 60]
set size 43->[6978, 9413, 9011, 11533, 5829, 10693, 7286, 7943, 11055, 1503, 11961, 8935, 9204, 3081, 10208, 4766, 6657, 8752, 5657, 11070, 9067, 2397, 1830, 11950, 759, 2063, 6131, 3851, 11988, 920, 2237, 11312, 11514, 4044, 2530, 5265, 2353, 5815, 10278, 4546, 847, 10055, 60]
set size 44->[6978, 9413, 9011, 11533, 5829, 10693, 7286, 7943, 11055, 1503, 11961, 8935, 9204, 3081, 10208, 4766, 6657, 8752, 5657, 11070, 9067, 2397, 1830, 11950, 759, 5061, 2063, 6131, 3851, 11988, 920, 2237, 11312, 11514, 4044, 2530, 5265, 2353, 5815, 10278, 4546, 847, 10055, 60]
set size 45->[6978, 9413, 9011, 11533, 5829, 10693, 7286, 7943, 11055, 1503, 11961, 8935, 9204, 3081, 10208, 4766, 6657, 8752, 5657, 11070, 9067, 2397, 1830, 11950, 759, 5061, 2063, 6131, 10290, 3851, 11988, 920, 2237, 11312, 11514, 4044, 2530, 5265, 2353, 5815, 10278, 4546, 847, 10055, 60]
set size 46->[6978, 9413, 9011, 11533, 5829, 10693, 7286, 7943, 11055, 1503, 11961, 8935, 9204, 3081, 10208, 4766, 6657, 8752, 5657, 4285, 11070, 9067, 2397, 1830, 11950, 759, 5061, 2063, 6131, 10290, 3851, 11988, 920, 2237, 11312, 11514, 4044, 2530, 5265, 2353, 5815, 10278, 4546, 847, 10055, 60]
set size 47->[6978, 9413, 9011, 11533, 5829, 10693, 7286, 7943, 11055, 1503, 11961, 8935, 9204, 3081, 10208, 4766, 6657, 8752, 5657, 4285, 11070, 9067, 2397, 1830, 11950, 6371, 759, 5061, 2063, 6131, 10290, 3851, 11988, 920, 2237, 11312, 11514, 4044, 2530, 5265, 2353, 5815, 10278, 4546, 847, 10055, 60]
set size 48->[6978, 9413, 9011, 11533, 5829, 10693, 7286, 7943, 11055, 1503, 11961, 8935, 9204, 3081, 10208, 4766, 6657, 8752, 5657, 4285, 11251, 11070, 9067, 2397, 1830, 11950, 6371, 759, 5061, 2063, 6131, 10290, 3851, 11988, 920, 2237, 11312, 11514, 4044, 2530, 5265, 2353, 5815, 10278, 4546, 847, 10055, 60]
set size 49->[5829, 11533, 7286, 10693, 1503, 11961, 9204, 8935, 4766, 6657, 4285, 9067, 11251, 11950, 2063, 6131, 920, 2237, 11312, 4044, 2353, 60, 6978, 9413, 9011, 7943, 11055, 3081, 10208, 5657, 8752, 11070, 1830, 2397, 759, 6371, 5061, 7614, 10290, 3851, 11988, 11514, 2530, 5815, 5265, 10278, 4546, 847, 10055]
set size 50->[5829, 11533, 7286, 10693, 1503, 11112, 11961, 9204, 8935, 4766, 6657, 4285, 9067, 11251, 11950, 2063, 6131, 920, 2237, 11312, 4044, 2353, 60, 6978, 9413, 9011, 7943, 11055, 3081, 10208, 5657, 8752, 11070, 1830, 2397, 759, 6371, 5061, 7614, 10290, 3851, 11988, 11514, 2530, 5815, 5265, 10278, 4546, 847, 10055]
12月27日13时26分random spend->2.13seconds
12月27日13时26分NeiborNumGreedy begin!
set size 1->[3829]
set size 2->[3829, 2694]
set size 3->[10666, 3829, 2694]
set size 4->[10666, 3829, 11335, 2694]
set size 5->[10666, 11043, 3829, 11335, 2694]
set size 6->[10666, 11043, 9804, 3829, 11335, 2694]
set size 7->[10666, 11043, 9804, 3829, 11335, 2694, 8865]
set size 8->[10666, 11043, 9804, 5618, 3829, 11335, 2694, 8865]
set size 9->[10666, 11043, 9804, 5618, 3829, 11335, 2694, 8865, 5124]
set size 10->[10666, 11043, 9804, 5618, 3829, 11335, 2694, 8865, 5988, 5124]
set size 11->[10666, 11043, 9804, 5618, 3829, 11335, 2694, 944, 8865, 5988, 5124]
set size 12->[10666, 11043, 9804, 5618, 3829, 2480, 11335, 2694, 944, 8865, 5988, 5124]
set size 13->[10735, 10666, 11043, 9804, 3829, 5618, 8865, 944, 5124, 2480, 11335, 2694, 5988]
set size 14->[10735, 10666, 11043, 9804, 3829, 5618, 8865, 944, 5124, 2480, 11335, 723, 2694, 5988]
set size 15->[10735, 10666, 11043, 9804, 3829, 5618, 8865, 944, 5124, 5269, 2480, 11335, 723, 2694, 5988]
set size 16->[10735, 10666, 11043, 9804, 3829, 5618, 8865, 944, 5124, 5269, 2480, 11335, 723, 2694, 2364, 5988]
set size 17->[10735, 10666, 11043, 9804, 3829, 5618, 8865, 944, 5124, 5269, 2480, 1283, 11335, 723, 2694, 2364, 5988]
set size 18->[10735, 10666, 11043, 9804, 3829, 5618, 8865, 944, 5124, 5269, 4898, 2480, 1283, 11335, 723, 2694, 2364, 5988]
set size 19->[10735, 10666, 11043, 9804, 3829, 5618, 8865, 944, 5124, 5269, 4898, 2480, 1283, 11335, 723, 2694, 2364, 5988, 6279]
set size 20->[10735, 10666, 4100, 11043, 9804, 3829, 5618, 8865, 944, 5124, 5269, 4898, 2480, 1283, 11335, 723, 2694, 2364, 5988, 6279]
set size 21->[10735, 11208, 10666, 4100, 11043, 9804, 3829, 5618, 8865, 944, 5124, 5269, 4898, 2480, 1283, 11335, 723, 2694, 2364, 5988, 6279]
set size 22->[10735, 11208, 10666, 4100, 11043, 9804, 3829, 5618, 8865, 944, 5124, 3034, 5269, 4898, 2480, 1283, 11335, 723, 2694, 2364, 5988, 6279]
set size 23->[10735, 6161, 11208, 10666, 4100, 11043, 9804, 3829, 5618, 8865, 944, 5124, 3034, 5269, 4898, 2480, 1283, 11335, 723, 2694, 2364, 5988, 6279]
set size 24->[10735, 6161, 11208, 10666, 744, 4100, 11043, 9804, 3829, 5618, 8865, 944, 5124, 3034, 5269, 4898, 2480, 1283, 11335, 723, 2694, 2364, 5988, 6279]
set size 25->[744, 11043, 5618, 3829, 944, 8865, 11335, 1283, 10735, 10666, 11208, 6161, 4100, 5192, 9804, 5124, 3034, 5269, 4898, 2480, 2694, 723, 5988, 2364, 6279]
set size 26->[744, 11043, 5618, 3829, 944, 8865, 7460, 11335, 1283, 10735, 10666, 11208, 6161, 4100, 5192, 9804, 5124, 3034, 5269, 4898, 2480, 2694, 723, 5988, 2364, 6279]
set size 27->[744, 11043, 5618, 3829, 944, 8865, 7460, 11335, 1283, 10735, 10666, 11208, 6161, 4100, 5192, 9804, 5124, 3034, 5269, 4898, 2480, 2694, 723, 2215, 5988, 2364, 6279]
set size 28->[744, 11043, 5618, 3829, 944, 8865, 7460, 11335, 1283, 10735, 10666, 11208, 6161, 4100, 5192, 9804, 5124, 1320, 3034, 5269, 4898, 2480, 2694, 723, 2215, 5988, 2364, 6279]
set size 29->[744, 11043, 5618, 3829, 944, 8865, 7460, 4526, 11335, 1283, 10735, 10666, 11208, 6161, 4100, 5192, 9804, 5124, 1320, 3034, 5269, 4898, 2480, 2694, 723, 2215, 5988, 2364, 6279]
set size 30->[5916, 744, 11043, 5618, 3829, 944, 8865, 7460, 4526, 11335, 1283, 10735, 10666, 11208, 6161, 4100, 5192, 9804, 5124, 1320, 3034, 5269, 4898, 2480, 2694, 723, 2215, 5988, 2364, 6279]
set size 31->[5916, 744, 11043, 5618, 3829, 944, 8865, 7460, 4526, 11335, 1283, 10735, 10666, 11208, 6161, 4100, 5192, 9804, 798, 5124, 1320, 3034, 5269, 4898, 2480, 2694, 723, 2215, 5988, 2364, 6279]
set size 32->[5916, 744, 11043, 5618, 3829, 944, 8865, 7460, 4526, 11335, 1283, 10735, 10666, 11208, 6161, 4100, 5192, 9804, 798, 5124, 6555, 1320, 3034, 5269, 4898, 2480, 2694, 723, 2215, 5988, 2364, 6279]
set size 33->[5916, 744, 11043, 5618, 3829, 944, 8865, 7460, 4526, 11335, 1283, 10735, 10666, 11208, 6161, 4100, 5192, 9804, 798, 5124, 6555, 1320, 3034, 5269, 4898, 2480, 2694, 723, 2215, 5988, 2364, 1691, 6279]
set size 34->[5916, 744, 11043, 5618, 3829, 944, 8865, 7460, 9551, 4526, 11335, 1283, 10735, 10666, 11208, 6161, 4100, 5192, 9804, 798, 5124, 6555, 1320, 3034, 5269, 4898, 2480, 2694, 723, 2215, 5988, 2364, 1691, 6279]
set size 35->[5916, 744, 11043, 5618, 3829, 944, 8865, 7460, 9551, 4526, 6030, 11335, 1283, 10735, 10666, 11208, 6161, 4100, 5192, 9804, 798, 5124, 6555, 1320, 3034, 5269, 4898, 2480, 2694, 723, 2215, 5988, 2364, 1691, 6279]
set size 36->[5916, 744, 11043, 5618, 3829, 944, 8865, 7460, 9551, 4526, 6030, 11335, 1283, 10735, 10666, 11208, 6161, 4100, 5192, 9804, 798, 521, 5124, 6555, 1320, 3034, 5269, 4898, 2480, 2694, 723, 2215, 5988, 2364, 1691, 6279]
set size 37->[686, 5916, 744, 11043, 5618, 3829, 944, 8865, 7460, 9551, 4526, 6030, 11335, 1283, 10735, 10666, 11208, 6161, 4100, 5192, 9804, 798, 521, 5124, 6555, 1320, 3034, 5269, 4898, 2480, 2694, 723, 2215, 5988, 2364, 1691, 6279]
set size 38->[686, 5916, 744, 11043, 5618, 3829, 944, 8865, 7460, 9551, 4526, 6030, 11335, 1283, 8285, 10735, 10666, 11208, 6161, 4100, 5192, 9804, 798, 521, 5124, 6555, 1320, 3034, 5269, 4898, 2480, 2694, 723, 2215, 5988, 2364, 1691, 6279]
set size 39->[686, 5916, 744, 11043, 5618, 3829, 944, 8865, 7460, 9551, 4526, 6030, 11335, 1283, 8285, 10735, 10666, 11208, 6161, 990, 4100, 5192, 9804, 798, 521, 5124, 6555, 1320, 3034, 5269, 4898, 2480, 2694, 723, 2215, 5988, 2364, 1691, 6279]
set size 40->[686, 5916, 744, 11043, 5618, 3829, 944, 8865, 7460, 9551, 4526, 6030, 11335, 1283, 8285, 10735, 10666, 11208, 6161, 990, 4100, 5192, 9804, 798, 1542, 521, 5124, 6555, 1320, 3034, 5269, 4898, 2480, 2694, 723, 2215, 5988, 2364, 1691, 6279]
set size 41->[686, 5916, 744, 11043, 5618, 3829, 944, 8865, 7460, 9551, 4526, 6030, 11335, 1283, 8285, 1789, 10735, 10666, 11208, 6161, 990, 4100, 5192, 9804, 798, 1542, 521, 5124, 6555, 1320, 3034, 5269, 4898, 2480, 2694, 723, 2215, 5988, 2364, 1691, 6279]
set size 42->[686, 5916, 744, 11043, 5618, 3829, 944, 8865, 7460, 9551, 4526, 6030, 11335, 1283, 8285, 1789, 10735, 10666, 11208, 6161, 990, 4100, 5192, 9804, 798, 1542, 521, 5124, 6555, 1320, 3034, 5097, 5269, 4898, 2480, 2694, 723, 2215, 5988, 2364, 1691, 6279]
set size 43->[686, 5916, 744, 8198, 11043, 5618, 3829, 944, 8865, 7460, 9551, 4526, 6030, 11335, 1283, 8285, 1789, 10735, 10666, 11208, 6161, 990, 4100, 5192, 9804, 798, 1542, 521, 5124, 6555, 1320, 3034, 5097, 5269, 4898, 2480, 2694, 723, 2215, 5988, 2364, 1691, 6279]
set size 44->[686, 5916, 744, 8198, 11043, 5618, 3829, 944, 8865, 7460, 9551, 4526, 6030, 11335, 1283, 8285, 1789, 10735, 10666, 11208, 6161, 990, 4100, 5192, 9804, 798, 1542, 9388, 521, 5124, 6555, 1320, 3034, 5097, 5269, 4898, 2480, 2694, 723, 2215, 5988, 2364, 1691, 6279]
set size 45->[686, 5916, 744, 8198, 11043, 5618, 3829, 944, 8865, 7460, 9551, 4526, 6030, 11335, 1283, 8285, 1789, 10735, 10666, 11208, 6161, 10665, 990, 4100, 5192, 9804, 798, 1542, 9388, 521, 5124, 6555, 1320, 3034, 5097, 5269, 4898, 2480, 2694, 723, 2215, 5988, 2364, 1691, 6279]
set size 46->[686, 5916, 744, 8198, 11043, 5618, 3829, 944, 8865, 7460, 9551, 4526, 6030, 145, 11335, 1283, 8285, 1789, 10735, 10666, 11208, 6161, 10665, 990, 4100, 5192, 9804, 798, 1542, 9388, 521, 5124, 6555, 1320, 3034, 5097, 5269, 4898, 2480, 2694, 723, 2215, 5988, 2364, 1691, 6279]
set size 47->[686, 5916, 744, 8198, 11043, 5618, 3829, 944, 8865, 7460, 9551, 4526, 6030, 145, 11335, 1283, 8285, 1789, 239, 10735, 10666, 11208, 6161, 10665, 990, 4100, 5192, 9804, 798, 1542, 9388, 521, 5124, 6555, 1320, 3034, 5097, 5269, 4898, 2480, 2694, 723, 2215, 5988, 2364, 1691, 6279]
set size 48->[686, 5916, 744, 8198, 11043, 5618, 3829, 944, 8865, 7460, 9551, 4526, 6030, 145, 11335, 1283, 8285, 1345, 1789, 239, 10735, 10666, 11208, 6161, 10665, 990, 4100, 5192, 9804, 798, 1542, 9388, 521, 5124, 6555, 1320, 3034, 5097, 5269, 4898, 2480, 2694, 723, 2215, 5988, 2364, 1691, 6279]
set size 49->[686, 3829, 5618, 944, 4526, 145, 8285, 1789, 1345, 10735, 6161, 11208, 5192, 4100, 798, 521, 9388, 6555, 4898, 2480, 2694, 2215, 2364, 5988, 6279, 5916, 744, 8198, 11043, 8865, 7460, 9551, 6030, 1283, 11335, 2121, 239, 10666, 10665, 990, 9804, 1542, 5124, 3034, 1320, 5097, 5269, 723, 1691]
set size 50->[686, 3829, 5618, 944, 4526, 145, 27, 8285, 1789, 1345, 10735, 6161, 11208, 5192, 4100, 798, 521, 9388, 6555, 4898, 2480, 2694, 2215, 2364, 5988, 6279, 5916, 744, 8198, 11043, 8865, 7460, 9551, 6030, 1283, 11335, 2121, 239, 10666, 10665, 990, 9804, 1542, 5124, 3034, 1320, 5097, 5269, 723, 1691]
12月27日13时29分NeiborNumGreedy spend->141.053seconds
12月27日16时49分greedy begin!
12月27日16时50分greedy begin!