
12月27日16时15分TLLFGreedy begin!
set size 1->[6056]
set size 2->[1818, 6056]
set size 3->[1818, 5745, 6056]
set size 4->[1818, 5745, 182, 6056]
set size 5->[1818, 5745, 182, 6056, 25374]
set size 6->[6623, 1818, 5745, 182, 6056, 25374]
set size 7->[6623, 1818, 5745, 8850, 182, 6056, 25374]
set size 8->[6623, 1881, 1818, 5745, 8850, 182, 6056, 25374]
set size 9->[6623, 1881, 1818, 5745, 8850, 182, 6056, 114025, 25374]
set size 10->[6623, 1881, 1818, 174901, 5745, 8850, 182, 6056, 114025, 25374]
set size 11->[6623, 1881, 1818, 34645, 174901, 5745, 8850, 182, 6056, 114025, 25374]
set size 12->[6623, 147291, 1881, 1818, 34645, 174901, 5745, 8850, 182, 6056, 114025, 25374]
set size 13->[1881, 1818, 34645, 25374, 6623, 147291, 174901, 5745, 6056, 182, 8850, 174221, 114025]
set size 14->[1881, 1818, 34645, 25374, 6623, 147291, 174901, 30915, 5745, 6056, 182, 8850, 174221, 114025]
set size 15->[1881, 1818, 34645, 74836, 25374, 6623, 147291, 174901, 30915, 5745, 6056, 182, 8850, 174221, 114025]
set size 16->[1881, 1818, 34645, 74836, 25374, 6623, 147291, 57370, 174901, 30915, 5745, 6056, 182, 8850, 174221, 114025]
set size 17->[1881, 71, 1818, 34645, 74836, 25374, 6623, 147291, 57370, 174901, 30915, 5745, 6056, 182, 8850, 174221, 114025]
set size 18->[1881, 71, 1818, 34645, 74836, 25374, 6623, 78335, 147291, 57370, 174901, 30915, 5745, 6056, 182, 8850, 174221, 114025]
set size 19->[1881, 71, 1818, 34645, 74836, 25374, 6623, 78335, 147291, 36285, 57370, 174901, 30915, 5745, 6056, 182, 8850, 174221, 114025]
set size 20->[1881, 71, 1818, 34645, 74836, 365809, 25374, 6623, 78335, 147291, 36285, 57370, 174901, 30915, 5745, 6056, 182, 8850, 174221, 114025]
set size 21->[1881, 71, 1818, 34645, 139546, 74836, 365809, 25374, 6623, 78335, 147291, 36285, 57370, 174901, 30915, 5745, 6056, 182, 8850, 174221, 114025]
set size 22->[1881, 71, 1818, 34645, 139546, 74836, 365809, 25374, 6623, 78335, 147291, 6117, 36285, 57370, 174901, 30915, 5745, 6056, 182, 8850, 174221, 114025]
set size 23->[1881, 71, 1818, 34645, 139546, 74836, 365809, 25374, 6623, 48020, 78335, 147291, 6117, 36285, 57370, 174901, 30915, 5745, 6056, 182, 8850, 174221, 114025]
set size 24->[1881, 71, 1818, 34645, 139546, 74836, 365809, 25374, 6623, 48020, 78335, 147291, 32893, 6117, 36285, 57370, 174901, 30915, 5745, 6056, 182, 8850, 174221, 114025]
set size 25->[71, 74836, 365809, 78335, 48020, 57370, 114025, 112076, 1881, 1818, 34645, 139546, 25374, 6623, 147291, 32893, 36285, 6117, 174901, 30915, 5745, 174221, 8850, 182, 6056]
set size 26->[71, 74836, 365809, 78335, 48020, 57370, 39084, 114025, 112076, 1881, 1818, 34645, 139546, 25374, 6623, 147291, 32893, 36285, 6117, 174901, 30915, 5745, 174221, 8850, 182, 6056]
set size 27->[138625, 71, 74836, 365809, 78335, 48020, 57370, 39084, 114025, 112076, 1881, 1818, 34645, 139546, 25374, 6623, 147291, 32893, 36285, 6117, 174901, 30915, 5745, 174221, 8850, 182, 6056]
set size 28->[138625, 32104, 71, 74836, 365809, 78335, 48020, 57370, 39084, 114025, 112076, 1881, 1818, 34645, 139546, 25374, 6623, 147291, 32893, 36285, 6117, 174901, 30915, 5745, 174221, 8850, 182, 6056]
set size 29->[138625, 32104, 71, 74836, 365809, 78335, 48020, 57370, 39084, 114025, 112076, 1881, 1818, 34645, 73918, 139546, 25374, 6623, 147291, 32893, 36285, 6117, 174901, 30915, 5745, 174221, 8850, 182, 6056]
set size 30->[138625, 94636, 32104, 71, 74836, 365809, 78335, 48020, 57370, 39084, 114025, 112076, 1881, 1818, 34645, 73918, 139546, 25374, 6623, 147291, 32893, 36285, 6117, 174901, 30915, 5745, 174221, 8850, 182, 6056]
set size 31->[138625, 94636, 32104, 71, 74836, 365809, 78335, 48020, 57370, 39084, 114025, 84143, 112076, 1881, 1818, 34645, 73918, 139546, 25374, 6623, 147291, 32893, 36285, 6117, 174901, 30915, 5745, 174221, 8850, 182, 6056]
set size 32->[138625, 94636, 32104, 71, 74836, 365809, 78335, 48020, 57370, 39084, 114025, 84143, 112076, 1881, 1818, 34645, 73918, 139546, 25374, 6623, 147291, 32893, 36285, 6117, 174901, 2091, 30915, 5745, 174221, 8850, 182, 6056]
set size 33->[138625, 94636, 32104, 71, 74836, 365809, 78335, 48020, 57370, 7269, 39084, 114025, 84143, 112076, 1881, 1818, 34645, 73918, 139546, 25374, 6623, 147291, 32893, 36285, 6117, 174901, 2091, 30915, 5745, 174221, 8850, 182, 6056]
set size 34->[138625, 94636, 32104, 71, 74836, 365809, 78335, 48020, 57370, 7269, 39084, 114025, 84143, 112076, 1881, 1818, 34645, 73918, 139546, 34585, 25374, 6623, 147291, 32893, 36285, 6117, 174901, 2091, 30915, 5745, 174221, 8850, 182, 6056]
set size 35->[138625, 94636, 32104, 71, 74836, 365809, 78335, 48020, 57370, 7269, 39084, 114025, 84143, 112076, 1881, 1818, 34645, 73918, 139546, 34585, 25374, 6623, 147291, 32893, 36285, 6117, 73903, 174901, 2091, 30915, 5745, 174221, 8850, 182, 6056]
set size 36->[138625, 94636, 32104, 71, 74836, 365809, 78335, 48020, 57370, 7269, 39084, 114025, 84143, 112076, 1881, 1818, 34645, 73918, 139546, 34585, 25374, 6623, 147291, 32893, 36285, 6117, 73903, 177568, 174901, 2091, 30915, 5745, 174221, 8850, 182, 6056]
set size 37->[138625, 94636, 32104, 71, 74836, 365809, 78335, 48020, 57370, 7269, 39084, 114025, 84143, 112076, 1881, 1818, 34645, 73918, 139546, 18395, 34585, 25374, 6623, 147291, 32893, 36285, 6117, 73903, 177568, 174901, 2091, 30915, 5745, 174221, 8850, 182, 6056]
set size 38->[138625, 94636, 32104, 71, 74836, 365809, 78335, 48020, 57370, 7269, 39084, 114025, 84143, 112076, 1881, 81299, 1818, 34645, 73918, 139546, 18395, 34585, 25374, 6623, 147291, 32893, 36285, 6117, 73903, 177568, 174901, 2091, 30915, 5745, 174221, 8850, 182, 6056]
set size 39->[138625, 94636, 32104, 71, 74836, 365809, 78335, 48020, 57370, 7269, 39084, 114025, 84143, 112076, 1881, 81299, 7376, 1818, 34645, 73918, 139546, 18395, 34585, 25374, 6623, 147291, 32893, 36285, 6117, 73903, 177568, 174901, 2091, 30915, 5745, 174221, 8850, 182, 6056]
set size 40->[5501, 138625, 94636, 32104, 71, 74836, 365809, 78335, 48020, 57370, 7269, 39084, 114025, 84143, 112076, 1881, 81299, 7376, 1818, 34645, 73918, 139546, 18395, 34585, 25374, 6623, 147291, 32893, 36285, 6117, 73903, 177568, 174901, 2091, 30915, 5745, 174221, 8850, 182, 6056]
set size 41->[5501, 138625, 94636, 32104, 71, 200322, 74836, 365809, 78335, 48020, 57370, 7269, 39084, 114025, 84143, 112076, 1881, 81299, 7376, 1818, 34645, 73918, 139546, 18395, 34585, 25374, 6623, 147291, 32893, 36285, 6117, 73903, 177568, 174901, 2091, 30915, 5745, 174221, 8850, 182, 6056]
set size 42->[5501, 138625, 94636, 32104, 71, 200322, 74836, 365809, 78335, 48020, 57370, 7269, 39084, 114025, 84143, 112076, 1881, 81299, 7376, 1818, 34645, 73918, 139546, 18395, 34585, 111887, 25374, 6623, 147291, 32893, 36285, 6117, 73903, 177568, 174901, 2091, 30915, 5745, 174221, 8850, 182, 6056]
set size 43->[72667, 5501, 138625, 94636, 32104, 71, 200322, 74836, 365809, 78335, 48020, 57370, 7269, 39084, 114025, 84143, 112076, 1881, 81299, 7376, 1818, 34645, 73918, 139546, 18395, 34585, 111887, 25374, 6623, 147291, 32893, 36285, 6117, 73903, 177568, 174901, 2091, 30915, 5745, 174221, 8850, 182, 6056]
set size 44->[72667, 5501, 138625, 94636, 32104, 71, 200322, 74836, 365809, 88835, 78335, 48020, 57370, 7269, 39084, 114025, 84143, 112076, 1881, 81299, 7376, 1818, 34645, 73918, 139546, 18395, 34585, 111887, 25374, 6623, 147291, 32893, 36285, 6117, 73903, 177568, 174901, 2091, 30915, 5745, 174221, 8850, 182, 6056]
set size 45->[72667, 5501, 138625, 94636, 32104, 71, 200322, 8528, 74836, 365809, 88835, 78335, 48020, 57370, 7269, 39084, 114025, 84143, 112076, 1881, 81299, 7376, 1818, 34645, 73918, 139546, 18395, 34585, 111887, 25374, 6623, 147291, 32893, 36285, 6117, 73903, 177568, 174901, 2091, 30915, 5745, 174221, 8850, 182, 6056]
set size 46->[72667, 5501, 138625, 40431, 94636, 32104, 71, 200322, 8528, 74836, 365809, 88835, 78335, 48020, 57370, 7269, 39084, 114025, 84143, 112076, 1881, 81299, 7376, 1818, 34645, 73918, 139546, 18395, 34585, 111887, 25374, 6623, 147291, 32893, 36285, 6117, 73903, 177568, 174901, 2091, 30915, 5745, 174221, 8850, 182, 6056]
set size 47->[72667, 5501, 138625, 40431, 94636, 32104, 71, 200322, 8528, 74836, 365809, 88835, 78335, 48020, 57370, 7269, 39084, 114025, 84143, 112076, 1881, 81299, 7376, 1818, 34645, 73918, 139546, 18395, 34585, 111887, 25374, 6623, 147291, 32893, 36285, 6117, 73903, 177568, 174901, 21288, 2091, 30915, 5745, 174221, 8850, 182, 6056]
set size 48->[72667, 5501, 138625, 40431, 94636, 32104, 71, 200322, 8528, 74836, 365809, 88835, 78335, 48020, 57370, 7269, 39084, 114025, 84143, 112076, 1881, 81299, 7376, 1818, 34645, 73918, 139546, 18395, 34585, 111887, 25374, 6623, 147291, 32893, 36285, 6117, 73903, 177568, 174901, 21288, 2091, 30915, 5745, 174221, 8850, 182, 6056, 965]
set size 49->[5501, 40431, 8528, 78335, 88835, 7269, 39084, 84143, 1881, 81299, 7376, 34645, 18395, 111887, 6117, 177568, 30915, 2091, 21288, 5745, 182, 138625, 72667, 71, 32104, 94636, 200322, 3640, 74836, 365809, 48020, 57370, 114025, 112076, 1818, 73918, 139546, 34585, 25374, 6623, 147291, 32893, 36285, 73903, 174901, 6056, 8850, 174221, 965]
set size 50->[5501, 40431, 8528, 78335, 88835, 7269, 39084, 84143, 49196, 1881, 81299, 7376, 34645, 18395, 111887, 6117, 177568, 30915, 2091, 21288, 5745, 182, 138625, 72667, 71, 32104, 94636, 200322, 3640, 74836, 365809, 48020, 57370, 114025, 112076, 1818, 73918, 139546, 34585, 25374, 6623, 147291, 32893, 36285, 73903, 174901, 6056, 8850, 174221, 965]
12月28日10时02分TLLFGreedy spend->64021.127seconds
12月28日10时02分SingleDiscount begin!
set size 1->[6056]
set size 2->[1818, 6056]
set size 3->[1818, 5745, 6056]
set size 4->[1818, 5745, 182, 6056]
set size 5->[1818, 5745, 182, 6056, 25374]
set size 6->[6623, 1818, 5745, 182, 6056, 25374]
set size 7->[6623, 1818, 5745, 182, 6056, 114025, 25374]
set size 8->[6623, 1818, 5745, 8850, 182, 6056, 114025, 25374]
set size 9->[6623, 1881, 1818, 5745, 8850, 182, 6056, 114025, 25374]
set size 10->[6623, 1881, 1818, 34645, 5745, 8850, 182, 6056, 114025, 25374]
set size 11->[6623, 1881, 57370, 1818, 34645, 5745, 8850, 182, 6056, 114025, 25374]
set size 12->[6623, 1881, 126666, 57370, 1818, 34645, 5745, 8850, 182, 6056, 114025, 25374]
set size 13->[1881, 126666, 1818, 34645, 25374, 6623, 57370, 137649, 5745, 6056, 182, 8850, 114025]
set size 14->[1881, 71, 126666, 1818, 34645, 25374, 6623, 57370, 137649, 5745, 6056, 182, 8850, 114025]
set size 15->[1881, 71, 126666, 1818, 34645, 34585, 25374, 6623, 57370, 137649, 5745, 6056, 182, 8850, 114025]
set size 16->[1881, 81299, 71, 126666, 1818, 34645, 34585, 25374, 6623, 57370, 137649, 5745, 6056, 182, 8850, 114025]
set size 17->[1881, 81299, 71, 126666, 1818, 34645, 73918, 34585, 25374, 6623, 57370, 137649, 5745, 6056, 182, 8850, 114025]
set size 18->[1881, 81299, 71, 126666, 1818, 34645, 2646, 73918, 34585, 25374, 6623, 57370, 137649, 5745, 6056, 182, 8850, 114025]
set size 19->[84143, 1881, 81299, 71, 126666, 1818, 34645, 2646, 73918, 34585, 25374, 6623, 57370, 137649, 5745, 6056, 182, 8850, 114025]
set size 20->[84143, 1881, 81299, 71, 126666, 1818, 34645, 2646, 73918, 34585, 25374, 6623, 212329, 57370, 137649, 5745, 6056, 182, 8850, 114025]
set size 21->[84143, 1881, 81299, 71, 126666, 1818, 34645, 2646, 73918, 34585, 25374, 6623, 36285, 212329, 57370, 137649, 5745, 6056, 182, 8850, 114025]
set size 22->[84143, 1881, 81299, 71, 126666, 1818, 34645, 2646, 73918, 34585, 25374, 6623, 36285, 212329, 57370, 137649, 7405, 5745, 6056, 182, 8850, 114025]
set size 23->[84143, 1881, 81299, 71, 126666, 1818, 34645, 2646, 73918, 112643, 34585, 25374, 6623, 36285, 212329, 57370, 137649, 7405, 5745, 6056, 182, 8850, 114025]
set size 24->[84143, 1881, 81299, 71, 126666, 1818, 34645, 2646, 73918, 112643, 34585, 25374, 6623, 36285, 212329, 57370, 73903, 137649, 7405, 5745, 6056, 182, 8850, 114025]
set size 25->[71, 74836, 57370, 7405, 114025, 84143, 1881, 81299, 126666, 1818, 34645, 73918, 2646, 112643, 34585, 25374, 6623, 212329, 36285, 73903, 137649, 5745, 8850, 182, 6056]
set size 26->[71, 74836, 57370, 7405, 114025, 84143, 1881, 81299, 126666, 7376, 1818, 34645, 73918, 2646, 112643, 34585, 25374, 6623, 212329, 36285, 73903, 137649, 5745, 8850, 182, 6056]
set size 27->[5501, 71, 74836, 57370, 7405, 114025, 84143, 1881, 81299, 126666, 7376, 1818, 34645, 73918, 2646, 112643, 34585, 25374, 6623, 212329, 36285, 73903, 137649, 5745, 8850, 182, 6056]
set size 28->[5501, 71, 74836, 57370, 7405, 45304, 114025, 84143, 1881, 81299, 126666, 7376, 1818, 34645, 73918, 2646, 112643, 34585, 25374, 6623, 212329, 36285, 73903, 137649, 5745, 8850, 182, 6056]
set size 29->[5501, 71, 74836, 57370, 7405, 45304, 114025, 84143, 1881, 81299, 126666, 7376, 1818, 34645, 73918, 2646, 112643, 34585, 25374, 6623, 212329, 36285, 73903, 174901, 137649, 5745, 8850, 182, 6056]
set size 30->[5501, 71, 74836, 57370, 7269, 7405, 45304, 114025, 84143, 1881, 81299, 126666, 7376, 1818, 34645, 73918, 2646, 112643, 34585, 25374, 6623, 212329, 36285, 73903, 174901, 137649, 5745, 8850, 182, 6056]
set size 31->[5501, 71, 74836, 57370, 7269, 7405, 45304, 114025, 84143, 1881, 81299, 126666, 7376, 1818, 34645, 73918, 2646, 112643, 34585, 19392, 25374, 6623, 212329, 36285, 73903, 174901, 137649, 5745, 8850, 182, 6056]
set size 32->[5501, 71, 74836, 57370, 7269, 7405, 45304, 114025, 84143, 1881, 81299, 126666, 7376, 1818, 34645, 73918, 2646, 112643, 34585, 19392, 25374, 6623, 212329, 36285, 73903, 174901, 30915, 137649, 5745, 8850, 182, 6056]
set size 33->[5501, 71, 74836, 57370, 7269, 7405, 45304, 114025, 64730, 84143, 1881, 81299, 126666, 7376, 1818, 34645, 73918, 2646, 112643, 34585, 19392, 25374, 6623, 212329, 36285, 73903, 174901, 30915, 137649, 5745, 8850, 182, 6056]
set size 34->[5501, 32104, 71, 74836, 57370, 7269, 7405, 45304, 114025, 64730, 84143, 1881, 81299, 126666, 7376, 1818, 34645, 73918, 2646, 112643, 34585, 19392, 25374, 6623, 212329, 36285, 73903, 174901, 30915, 137649, 5745, 8850, 182, 6056]
set size 35->[5501, 32104, 71, 74836, 22407, 57370, 7269, 7405, 45304, 114025, 64730, 84143, 1881, 81299, 126666, 7376, 1818, 34645, 73918, 2646, 112643, 34585, 19392, 25374, 6623, 212329, 36285, 73903, 174901, 30915, 137649, 5745, 8850, 182, 6056]
set size 36->[5501, 32104, 71, 74836, 22407, 57370, 7269, 7405, 45304, 114025, 64730, 84143, 1881, 81299, 126666, 7376, 1818, 34645, 73918, 2646, 112643, 34585, 111887, 19392, 25374, 6623, 212329, 36285, 73903, 174901, 30915, 137649, 5745, 8850, 182, 6056]
set size 37->[5501, 32104, 71, 74836, 48020, 22407, 57370, 7269, 7405, 45304, 114025, 64730, 84143, 1881, 81299, 126666, 7376, 1818, 34645, 73918, 2646, 112643, 34585, 111887, 19392, 25374, 6623, 212329, 36285, 73903, 174901, 30915, 137649, 5745, 8850, 182, 6056]
set size 38->[5501, 32104, 71, 74836, 48020, 22407, 57370, 7269, 7405, 45304, 114025, 112076, 64730, 84143, 1881, 81299, 126666, 7376, 1818, 34645, 73918, 2646, 112643, 34585, 111887, 19392, 25374, 6623, 212329, 36285, 73903, 174901, 30915, 137649, 5745, 8850, 182, 6056]
set size 39->[5501, 32104, 71, 74836, 48020, 22407, 57370, 7269, 7405, 45304, 114025, 112076, 64730, 84143, 1881, 81299, 126666, 7376, 1818, 34645, 73918, 2646, 112643, 477588, 34585, 111887, 19392, 25374, 6623, 212329, 36285, 73903, 174901, 30915, 137649, 5745, 8850, 182, 6056]
set size 40->[5501, 32104, 71, 74836, 48020, 22407, 57370, 7269, 7405, 45304, 114025, 112076, 64730, 84143, 96730, 1881, 81299, 126666, 7376, 1818, 34645, 73918, 2646, 112643, 477588, 34585, 111887, 19392, 25374, 6623, 212329, 36285, 73903, 174901, 30915, 137649, 5745, 8850, 182, 6056]
set size 41->[138625, 5501, 32104, 71, 74836, 48020, 22407, 57370, 7269, 7405, 45304, 114025, 112076, 64730, 84143, 96730, 1881, 81299, 126666, 7376, 1818, 34645, 73918, 2646, 112643, 477588, 34585, 111887, 19392, 25374, 6623, 212329, 36285, 73903, 174901, 30915, 137649, 5745, 8850, 182, 6056]
set size 42->[138625, 5501, 32104, 71, 74836, 48020, 22407, 57370, 7269, 7405, 45304, 39084, 114025, 112076, 64730, 84143, 96730, 1881, 81299, 126666, 7376, 1818, 34645, 73918, 2646, 112643, 477588, 34585, 111887, 19392, 25374, 6623, 212329, 36285, 73903, 174901, 30915, 137649, 5745, 8850, 182, 6056]
set size 43->[200206, 138625, 5501, 32104, 71, 74836, 48020, 22407, 57370, 7269, 7405, 45304, 39084, 114025, 112076, 64730, 84143, 96730, 1881, 81299, 126666, 7376, 1818, 34645, 73918, 2646, 112643, 477588, 34585, 111887, 19392, 25374, 6623, 212329, 36285, 73903, 174901, 30915, 137649, 5745, 8850, 182, 6056]
set size 44->[200206, 138625, 5501, 32104, 71, 74836, 48020, 22407, 57370, 7269, 7405, 45304, 39084, 114025, 112076, 64730, 84143, 96730, 1881, 81299, 126666, 7376, 1818, 34645, 73918, 2646, 42092, 112643, 477588, 34585, 111887, 19392, 25374, 6623, 212329, 36285, 73903, 174901, 30915, 137649, 5745, 8850, 182, 6056]
set size 45->[200206, 138625, 5501, 32104, 71, 3640, 74836, 48020, 22407, 57370, 7269, 7405, 45304, 39084, 114025, 112076, 64730, 84143, 96730, 1881, 81299, 126666, 7376, 1818, 34645, 73918, 2646, 42092, 112643, 477588, 34585, 111887, 19392, 25374, 6623, 212329, 36285, 73903, 174901, 30915, 137649, 5745, 8850, 182, 6056]
set size 46->[200206, 138625, 5501, 32104, 71, 3640, 74836, 48020, 22407, 57370, 7269, 7405, 14441, 45304, 39084, 114025, 112076, 64730, 84143, 96730, 1881, 81299, 126666, 7376, 1818, 34645, 73918, 2646, 42092, 112643, 477588, 34585, 111887, 19392, 25374, 6623, 212329, 36285, 73903, 174901, 30915, 137649, 5745, 8850, 182, 6056]
set size 47->[200206, 138625, 5501, 32104, 71, 200322, 3640, 74836, 48020, 22407, 57370, 7269, 7405, 14441, 45304, 39084, 114025, 112076, 64730, 84143, 96730, 1881, 81299, 126666, 7376, 1818, 34645, 73918, 2646, 42092, 112643, 477588, 34585, 111887, 19392, 25374, 6623, 212329, 36285, 73903, 174901, 30915, 137649, 5745, 8850, 182, 6056]
set size 48->[200206, 138625, 5501, 32104, 71, 200322, 3640, 74836, 48020, 22407, 57370, 7269, 7405, 14441, 45304, 39084, 114025, 112076, 64730, 84143, 96730, 1881, 81299, 126666, 7376, 1818, 34645, 73918, 2646, 42092, 112643, 477588, 34585, 111887, 19392, 25374, 6623, 146063, 212329, 36285, 73903, 174901, 30915, 137649, 5745, 8850, 182, 6056]
set size 49->[5501, 7269, 7405, 14441, 45304, 39084, 84143, 1881, 96730, 81299, 7376, 34645, 111887, 30915, 137649, 5745, 182, 138625, 200206, 71, 32104, 200322, 3640, 74836, 48020, 57370, 22407, 114025, 79934, 64730, 112076, 126666, 1818, 2646, 73918, 42092, 112643, 477588, 34585, 25374, 19392, 6623, 146063, 36285, 212329, 73903, 174901, 6056, 8850]
set size 50->[5501, 7269, 7405, 14441, 45304, 39084, 84143, 1881, 96730, 81299, 7376, 34645, 111887, 30915, 137649, 5745, 182, 138625, 200206, 71, 32104, 200322, 3640, 74836, 48020, 57370, 22407, 114025, 79934, 64730, 112076, 126666, 1818, 2646, 73918, 42092, 112643, 477588, 34585, 55222, 25374, 19392, 6623, 146063, 36285, 212329, 73903, 174901, 6056, 8850]
12月28日10时03分SingleDiscount spend->38.025seconds
12月28日10时03分random begin!
set size 1->[110742]
set size 2->[110742, 532093]
set size 3->[110742, 731810, 532093]
set size 4->[110742, 731810, 532093, 501136]
set size 5->[110742, 731810, 650488, 532093, 501136]
set size 6->[1496734, 110742, 731810, 650488, 532093, 501136]
set size 7->[1496734, 110742, 731810, 1512830, 650488, 532093, 501136]
set size 8->[1496734, 110742, 1310138, 731810, 1512830, 650488, 532093, 501136]
set size 9->[1496734, 110742, 1310138, 731810, 200595, 1512830, 650488, 532093, 501136]
set size 10->[1496734, 110742, 239963, 1310138, 731810, 200595, 1512830, 650488, 532093, 501136]
set size 11->[1496734, 110742, 239963, 1310138, 731810, 200595, 1512830, 650488, 719345, 532093, 501136]
set size 12->[1496734, 1519955, 110742, 239963, 1310138, 731810, 200595, 1512830, 650488, 719345, 532093, 501136]
set size 13->[1496734, 1519955, 110742, 731810, 239963, 1512830, 200595, 532093, 1310138, 650488, 719345, 1463255, 501136]
set size 14->[1496734, 1519955, 110742, 731810, 239963, 1512830, 200595, 469851, 532093, 1310138, 650488, 719345, 1463255, 501136]
set size 15->[1496734, 1519955, 110742, 731810, 239963, 1512830, 200595, 1214282, 469851, 532093, 1310138, 650488, 719345, 1463255, 501136]
set size 16->[948049, 1496734, 1519955, 110742, 731810, 239963, 1512830, 200595, 1214282, 469851, 532093, 1310138, 650488, 719345, 1463255, 501136]
set size 17->[948049, 1496734, 1519955, 110742, 731810, 239963, 1512830, 200595, 1214282, 469851, 532093, 1310138, 650488, 1558165, 719345, 1463255, 501136]
set size 18->[948049, 1496734, 1519955, 110742, 731810, 239963, 1512830, 200595, 510327, 1214282, 469851, 532093, 1310138, 650488, 1558165, 719345, 1463255, 501136]
set size 19->[948049, 1496734, 1519955, 110742, 731810, 239963, 1512830, 200595, 1079875, 510327, 1214282, 469851, 532093, 1310138, 650488, 1558165, 719345, 1463255, 501136]
set size 20->[948049, 1496734, 1519955, 110742, 731810, 239963, 1512830, 200595, 1079875, 510327, 1214282, 469851, 532093, 1310138, 650488, 1558165, 719345, 977450, 1463255, 501136]
set size 21->[948049, 1496734, 1519955, 110742, 731810, 239963, 1512830, 200595, 1079875, 510327, 1214282, 469851, 532093, 1273783, 1310138, 650488, 1558165, 719345, 977450, 1463255, 501136]
set size 22->[948049, 1496734, 1519955, 110742, 731810, 239963, 1512830, 200595, 1079875, 510327, 1214282, 469851, 532093, 618391, 1273783, 1310138, 650488, 1558165, 719345, 977450, 1463255, 501136]
set size 23->[948049, 1496734, 1519955, 110742, 689616, 731810, 239963, 1512830, 200595, 1079875, 510327, 1214282, 469851, 532093, 618391, 1273783, 1310138, 650488, 1558165, 719345, 977450, 1463255, 501136]
set size 24->[948049, 1496734, 1519955, 110742, 689616, 731810, 239963, 1512830, 200595, 1079875, 510327, 1214282, 469851, 532093, 618391, 1273783, 1310138, 650488, 1558165, 719345, 321238, 977450, 1463255, 501136]
set size 25->[1519955, 200595, 1079875, 1214282, 510327, 469851, 1144050, 1558165, 1496734, 948049, 110742, 239963, 731810, 689616, 1512830, 532093, 618391, 1310138, 1273783, 650488, 719345, 321238, 1463255, 977450, 501136]
set size 26->[1519955, 200595, 1079875, 1214282, 510327, 469851, 1144050, 1558165, 1496734, 948049, 110742, 239963, 731810, 689616, 1512830, 532093, 618391, 904077, 1310138, 1273783, 650488, 719345, 321238, 1463255, 977450, 501136]
set size 27->[1519955, 200595, 1079875, 1214282, 510327, 469851, 1144050, 1558165, 1496734, 948049, 110742, 239963, 731810, 689616, 1512830, 1375428, 532093, 618391, 904077, 1310138, 1273783, 650488, 719345, 321238, 1463255, 977450, 501136]
set size 28->[1519955, 200595, 1079875, 1214282, 510327, 469851, 1144050, 1558165, 1496734, 948049, 110742, 239963, 731810, 689616, 1512830, 959347, 1375428, 532093, 618391, 904077, 1310138, 1273783, 650488, 719345, 321238, 1463255, 977450, 501136]
set size 29->[1519955, 200595, 1079875, 1214282, 510327, 469851, 1144050, 1558165, 1009076, 1496734, 948049, 110742, 239963, 731810, 689616, 1512830, 959347, 1375428, 532093, 618391, 904077, 1310138, 1273783, 650488, 719345, 321238, 1463255, 977450, 501136]
set size 30->[1519955, 200595, 1079875, 1214282, 510327, 469851, 1144050, 1623870, 1558165, 1009076, 1496734, 948049, 110742, 239963, 731810, 689616, 1512830, 959347, 1375428, 532093, 618391, 904077, 1310138, 1273783, 650488, 719345, 321238, 1463255, 977450, 501136]
set size 31->[1519955, 200595, 1079875, 1214282, 510327, 469851, 1144050, 1623870, 1558165, 1009076, 1496734, 948049, 110742, 239963, 731810, 689616, 1512830, 959347, 1375428, 532093, 618391, 904077, 1310138, 1273783, 650488, 705754, 719345, 321238, 1463255, 977450, 501136]
set size 32->[1519955, 200595, 1079875, 1214282, 510327, 469851, 1144050, 1623870, 1558165, 1009076, 1496734, 948049, 110742, 239963, 731810, 689616, 1512830, 959347, 1375428, 52169, 532093, 618391, 904077, 1310138, 1273783, 650488, 705754, 719345, 321238, 1463255, 977450, 501136]
set size 33->[1519955, 200595, 1079875, 1214282, 510327, 469851, 1144050, 1623870, 812604, 1558165, 1009076, 1496734, 948049, 110742, 239963, 731810, 689616, 1512830, 959347, 1375428, 52169, 532093, 618391, 904077, 1310138, 1273783, 650488, 705754, 719345, 321238, 1463255, 977450, 501136]
set size 34->[837286, 1519955, 200595, 1079875, 1214282, 510327, 469851, 1144050, 1623870, 812604, 1558165, 1009076, 1496734, 948049, 110742, 239963, 731810, 689616, 1512830, 959347, 1375428, 52169, 532093, 618391, 904077, 1310138, 1273783, 650488, 705754, 719345, 321238, 1463255, 977450, 501136]
set size 35->[837286, 1519955, 200595, 1079875, 1214282, 510327, 469851, 1144050, 1623870, 100746, 812604, 1558165, 1009076, 1496734, 948049, 110742, 239963, 731810, 689616, 1512830, 959347, 1375428, 52169, 532093, 618391, 904077, 1310138, 1273783, 650488, 705754, 719345, 321238, 1463255, 977450, 501136]
set size 36->[837286, 1519955, 200595, 1079875, 1214282, 510327, 469851, 1144050, 1623870, 100746, 812604, 1558165, 1009076, 1496734, 948049, 110742, 239963, 731810, 689616, 1512830, 959347, 1375428, 52169, 532093, 618391, 904077, 1310138, 1273783, 650488, 705754, 719345, 1097518, 321238, 1463255, 977450, 501136]
set size 37->[837286, 1519955, 200595, 1079875, 1214282, 510327, 469851, 1144050, 1623870, 100746, 812604, 1558165, 1009076, 1496734, 948049, 110742, 239963, 731810, 689616, 1512830, 959347, 1375428, 52169, 532093, 618391, 904077, 1310138, 1273783, 378654, 650488, 705754, 719345, 1097518, 321238, 1463255, 977450, 501136]
set size 38->[837286, 1519955, 200595, 1079875, 1214282, 510327, 660275, 469851, 1144050, 1623870, 100746, 812604, 1558165, 1009076, 1496734, 948049, 110742, 239963, 731810, 689616, 1512830, 959347, 1375428, 52169, 532093, 618391, 904077, 1310138, 1273783, 378654, 650488, 705754, 719345, 1097518, 321238, 1463255, 977450, 501136]
set size 39->[837286, 1519955, 200595, 1079875, 1214282, 510327, 660275, 469851, 1144050, 1623870, 100746, 812604, 1558165, 1009076, 1496734, 948049, 110742, 239963, 731810, 689616, 1512830, 959347, 1375428, 52169, 532093, 618391, 718429, 904077, 1310138, 1273783, 378654, 650488, 705754, 719345, 1097518, 321238, 1463255, 977450, 501136]
set size 40->[837286, 1519955, 200595, 1079875, 1214282, 510327, 660275, 469851, 1144050, 1623870, 100746, 812604, 1558165, 1009076, 1496734, 948049, 110742, 239963, 731810, 689616, 1512830, 959347, 1375428, 52169, 532093, 618391, 1124860, 718429, 904077, 1310138, 1273783, 378654, 650488, 705754, 719345, 1097518, 321238, 1463255, 977450, 501136]
set size 41->[837286, 1519955, 200595, 1079875, 1214282, 510327, 660275, 469851, 1144050, 1623870, 143519, 100746, 812604, 1558165, 1009076, 1496734, 948049, 110742, 239963, 731810, 689616, 1512830, 959347, 1375428, 52169, 532093, 618391, 1124860, 718429, 904077, 1310138, 1273783, 378654, 650488, 705754, 719345, 1097518, 321238, 1463255, 977450, 501136]
set size 42->[837286, 1519955, 200595, 1079875, 1214282, 510327, 660275, 469851, 1144050, 1623870, 143519, 100746, 812604, 1558165, 1009076, 1496734, 948049, 110742, 239963, 731810, 689616, 1512830, 959347, 1375428, 52169, 532093, 618391, 1124860, 718429, 904077, 1155919, 1310138, 1273783, 378654, 650488, 705754, 719345, 1097518, 321238, 1463255, 977450, 501136]
set size 43->[837286, 1519955, 200595, 1079875, 1214282, 510327, 1455864, 660275, 469851, 1144050, 1623870, 143519, 100746, 812604, 1558165, 1009076, 1496734, 948049, 110742, 239963, 731810, 689616, 1512830, 959347, 1375428, 52169, 532093, 618391, 1124860, 718429, 904077, 1155919, 1310138, 1273783, 378654, 650488, 705754, 719345, 1097518, 321238, 1463255, 977450, 501136]
set size 44->[837286, 1519955, 200595, 1079875, 1214282, 510327, 1455864, 660275, 469851, 1144050, 1623870, 143519, 100746, 812604, 1558165, 1009076, 1496734, 948049, 110742, 239963, 731810, 689616, 1512830, 959347, 1375428, 52169, 532093, 618391, 1124860, 718429, 904077, 833606, 1155919, 1310138, 1273783, 378654, 650488, 705754, 719345, 1097518, 321238, 1463255, 977450, 501136]
set size 45->[837286, 1519955, 200595, 1079875, 400170, 1214282, 510327, 1455864, 660275, 469851, 1144050, 1623870, 143519, 100746, 812604, 1558165, 1009076, 1496734, 948049, 110742, 239963, 731810, 689616, 1512830, 959347, 1375428, 52169, 532093, 618391, 1124860, 718429, 904077, 833606, 1155919, 1310138, 1273783, 378654, 650488, 705754, 719345, 1097518, 321238, 1463255, 977450, 501136]
set size 46->[837286, 1519955, 200595, 1079875, 400170, 1214282, 510327, 1455864, 660275, 469851, 1144050, 1623870, 143519, 100746, 812604, 1558165, 1009076, 1496734, 948049, 110742, 239963, 731810, 689616, 1512830, 959347, 909169, 1375428, 52169, 532093, 618391, 1124860, 718429, 904077, 833606, 1155919, 1310138, 1273783, 378654, 650488, 705754, 719345, 1097518, 321238, 1463255, 977450, 501136]
set size 47->[837286, 1519955, 200595, 1079875, 747463, 400170, 1214282, 510327, 1455864, 660275, 469851, 1144050, 1623870, 143519, 100746, 812604, 1558165, 1009076, 1496734, 948049, 110742, 239963, 731810, 689616, 1512830, 959347, 909169, 1375428, 52169, 532093, 618391, 1124860, 718429, 904077, 833606, 1155919, 1310138, 1273783, 378654, 650488, 705754, 719345, 1097518, 321238, 1463255, 977450, 501136]
set size 48->[837286, 1519955, 200595, 1079875, 747463, 400170, 1214282, 510327, 1455864, 660275, 469851, 1144050, 1372801, 1623870, 143519, 100746, 812604, 1558165, 1009076, 1496734, 948049, 110742, 239963, 731810, 689616, 1512830, 959347, 909169, 1375428, 52169, 532093, 618391, 1124860, 718429, 904077, 833606, 1155919, 1310138, 1273783, 378654, 650488, 705754, 719345, 1097518, 321238, 1463255, 977450, 501136]
set size 49->[837286, 1079875, 510327, 1214282, 660275, 1455864, 642138, 1372801, 100746, 1558165, 948049, 1496734, 689616, 239963, 1375428, 532093, 618391, 1124860, 1273783, 1310138, 1155919, 378654, 719345, 705754, 1097518, 321238, 977450, 1463255, 1519955, 200595, 747463, 400170, 469851, 1144050, 1623870, 143519, 812604, 1009076, 110742, 731810, 1512830, 959347, 909169, 52169, 718429, 904077, 833606, 650488, 501136]
set size 50->[837286, 1079875, 510327, 1214282, 660275, 1455864, 642138, 1372801, 100746, 1558165, 750607, 948049, 1496734, 689616, 239963, 1375428, 532093, 618391, 1124860, 1273783, 1310138, 1155919, 378654, 719345, 705754, 1097518, 321238, 977450, 1463255, 1519955, 200595, 747463, 400170, 469851, 1144050, 1623870, 143519, 812604, 1009076, 110742, 731810, 1512830, 959347, 909169, 52169, 718429, 904077, 833606, 650488, 501136]
12月28日10时03分random spend->2.011seconds
12月28日10时03分NeiborNumGreedy begin!