
12月27日13时34分greedy begin!
set size 1->[104]
set size 2->[22, 104]
set size 3->[22, 332, 104]
set size 4->[22, 40, 332, 104]
set size 5->[22, 40, 332, 104, 15]
set size 6->[232, 22, 40, 332, 104, 15]
set size 7->[232, 22, 40, 332, 41, 104, 15]
set size 8->[232, 22, 40, 332, 41, 104, 75, 15]
set size 9->[71, 232, 22, 40, 332, 41, 104, 75, 15]
set size 10->[71, 23, 232, 22, 40, 332, 41, 104, 75, 15]
set size 11->[51, 71, 23, 232, 22, 40, 332, 41, 104, 75, 15]
set size 12->[51, 71, 23, 232, 22, 40, 332, 41, 331, 104, 75, 15]
set size 13->[71, 232, 40, 41, 195, 104, 15, 75, 51, 23, 22, 332, 331]
set size 14->[577, 71, 232, 40, 41, 195, 104, 15, 75, 51, 23, 22, 332, 331]
set size 15->[577, 71, 232, 40, 41, 195, 104, 15, 75, 51, 353, 23, 22, 332, 331]
set size 16->[577, 71, 232, 40, 41, 195, 104, 15, 75, 51, 48, 353, 23, 22, 332, 331]
set size 17->[577, 71, 232, 40, 41, 195, 104, 15, 75, 51, 48, 353, 354, 23, 22, 332, 331]
set size 18->[577, 71, 232, 40, 41, 133, 195, 104, 15, 75, 51, 48, 353, 354, 23, 22, 332, 331]
set size 19->[577, 71, 232, 40, 41, 133, 195, 104, 15, 75, 51, 48, 353, 354, 23, 22, 298, 332, 331]
set size 20->[577, 71, 232, 40, 41, 133, 195, 104, 15, 75, 51, 48, 563, 353, 354, 23, 22, 298, 332, 331]
set size 21->[577, 71, 232, 40, 41, 133, 195, 104, 15, 75, 51, 48, 563, 428, 353, 354, 23, 22, 298, 332, 331]
set size 22->[577, 71, 232, 40, 587, 41, 133, 195, 104, 15, 75, 51, 48, 563, 428, 353, 354, 23, 22, 298, 332, 331]
set size 23->[68, 577, 71, 232, 40, 587, 41, 133, 195, 104, 15, 75, 51, 48, 563, 428, 353, 354, 23, 22, 298, 332, 331]
set size 24->[68, 577, 71, 232, 40, 587, 41, 133, 13, 195, 104, 15, 75, 51, 48, 563, 428, 353, 354, 23, 22, 298, 332, 331]
set size 25->[68, 71, 133, 13, 195, 75, 15, 563, 20, 23, 22, 332, 331, 577, 232, 40, 41, 587, 104, 51, 48, 353, 428, 354, 298]
set size 26->[68, 71, 133, 13, 195, 75, 15, 563, 20, 23, 22, 332, 331, 577, 232, 40, 41, 587, 104, 51, 48, 353, 428, 354, 298, 182]
set size 27->[68, 71, 133, 13, 195, 75, 15, 563, 20, 23, 22, 332, 331, 577, 232, 40, 41, 587, 104, 51, 48, 115, 353, 428, 354, 298, 182]
set size 28->[68, 71, 133, 13, 195, 75, 15, 563, 20, 23, 22, 332, 331, 151, 577, 232, 40, 41, 587, 104, 51, 48, 115, 353, 428, 354, 298, 182]
set size 29->[68, 71, 133, 13, 195, 75, 15, 563, 20, 23, 22, 332, 331, 151, 577, 232, 433, 40, 41, 587, 104, 51, 48, 115, 353, 428, 354, 298, 182]
set size 30->[68, 71, 133, 13, 195, 75, 15, 563, 20, 218, 23, 22, 332, 331, 151, 577, 232, 433, 40, 41, 587, 104, 51, 48, 115, 353, 428, 354, 298, 182]
set size 31->[68, 71, 133, 13, 195, 75, 15, 563, 20, 218, 23, 22, 332, 331, 151, 577, 375, 232, 433, 40, 41, 587, 104, 51, 48, 115, 353, 428, 354, 298, 182]
set size 32->[68, 71, 133, 13, 195, 75, 15, 563, 20, 218, 23, 22, 332, 331, 151, 577, 375, 232, 433, 40, 41, 587, 104, 51, 48, 115, 353, 428, 354, 298, 56, 182]
set size 33->[68, 340, 71, 133, 13, 195, 75, 15, 563, 20, 218, 23, 22, 332, 331, 151, 577, 375, 232, 433, 40, 41, 587, 104, 51, 48, 115, 353, 428, 354, 298, 56, 182]