
12月27日14时25分TLLFGreedy begin!
set size 1->[39618]
set size 2->[39618, 1011]
set size 3->[39618, 10, 1011]
set size 4->[47181, 39618, 10, 1011]
set size 5->[47181, 39618, 852, 10, 1011]
set size 6->[47181, 39618, 852, 1417, 10, 1011]
set size 7->[47181, 39618, 818, 852, 1417, 10, 1011]
set size 8->[47181, 39618, 818, 852, 1417, 10, 1011, 192]
set size 9->[685, 47181, 39618, 818, 852, 1417, 10, 1011, 192]
set size 10->[685, 47181, 39618, 868, 818, 852, 1417, 10, 1011, 192]
set size 11->[685, 47181, 39618, 868, 2371, 818, 852, 1417, 10, 1011, 192]
set size 12->[685, 47181, 39618, 7087, 868, 2371, 818, 852, 1417, 10, 1011, 192]
set size 13->[685, 7087, 2371, 852, 818, 10, 1011, 192, 39618, 47181, 868, 83, 1417]
set size 14->[685, 7087, 2371, 852, 818, 677, 10, 1011, 192, 39618, 47181, 868, 83, 1417]
set size 15->[685, 7087, 2371, 852, 818, 677, 10, 314, 1011, 192, 39618, 47181, 868, 83, 1417]
set size 16->[685, 7087, 2371, 852, 818, 677, 10, 314, 1011, 192, 425, 39618, 47181, 868, 83, 1417]
set size 17->[685, 7087, 172620, 2371, 852, 818, 677, 10, 314, 1011, 192, 425, 39618, 47181, 868, 83, 1417]
set size 18->[685, 7087, 172620, 2371, 852, 818, 677, 10, 314, 1011, 192, 911, 425, 39618, 47181, 868, 83, 1417]
set size 19->[685, 7087, 172620, 2371, 852, 818, 677, 10, 314, 1011, 192, 911, 425, 39618, 47181, 868, 83, 1417, 240]
set size 20->[685, 7087, 172620, 2371, 852, 818, 677, 10, 314, 1011, 192, 911, 425, 39618, 47181, 868, 599, 83, 1417, 240]
set size 21->[685, 7087, 172620, 2371, 446, 852, 818, 677, 10, 314, 1011, 192, 911, 425, 39618, 47181, 868, 599, 83, 1417, 240]
set size 22->[685, 7087, 172620, 2371, 446, 852, 818, 677, 10, 314, 1011, 192, 911, 425, 39618, 47181, 1118, 868, 599, 83, 1417, 240]
set size 23->[685, 7087, 172620, 2371, 446, 852, 818, 677, 10, 314, 1011, 192, 911, 425, 39618, 47181, 1118, 838, 868, 599, 83, 1417, 240]
set size 24->[685, 7087, 172620, 2371, 446, 852, 818, 677, 10, 314, 1011, 192, 911, 425, 39618, 47181, 1118, 838, 868, 599, 83, 1417, 147, 240]
set size 25->[685, 172620, 2371, 818, 10, 677, 1011, 192, 39618, 1118, 868, 83, 1417, 147, 7087, 446, 852, 314, 104, 425, 911, 47181, 838, 599, 240]
set size 26->[685, 172620, 2371, 818, 10, 677, 1011, 192, 1014, 39618, 1118, 868, 83, 1417, 147, 7087, 446, 852, 314, 104, 425, 911, 47181, 838, 599, 240]
set size 27->[685, 172620, 2371, 818, 10, 677, 1011, 192, 1014, 39618, 1118, 868, 158, 83, 1417, 147, 7087, 446, 852, 314, 104, 425, 911, 47181, 838, 599, 240]
set size 28->[685, 172620, 2371, 818, 10, 677, 1011, 192, 1014, 39618, 1118, 868, 158, 83, 1417, 147, 1284, 7087, 446, 852, 314, 104, 425, 911, 47181, 838, 599, 240]
set size 29->[685, 172620, 2371, 818, 10, 677, 1011, 192, 1014, 222, 39618, 1118, 868, 158, 83, 1417, 147, 1284, 7087, 446, 852, 314, 104, 425, 911, 47181, 838, 599, 240]
set size 30->[685, 172620, 2371, 818, 10, 677, 1011, 192, 1014, 222, 39618, 1118, 868, 158, 83, 1417, 147, 1284, 7087, 920, 446, 852, 314, 104, 425, 911, 47181, 838, 599, 240]
set size 31->[685, 172620, 2371, 818, 10, 677, 1011, 192, 1014, 222, 39618, 1118, 868, 158, 83, 1417, 147, 1284, 7087, 920, 446, 718, 852, 314, 104, 425, 911, 47181, 838, 599, 240]
set size 32->[685, 172620, 2371, 4193, 818, 10, 677, 1011, 192, 1014, 222, 39618, 1118, 868, 158, 83, 1417, 147, 1284, 7087, 920, 446, 718, 852, 314, 104, 425, 911, 47181, 838, 599, 240]
set size 33->[685, 172620, 2371, 4193, 818, 10, 677, 1011, 192, 1014, 222, 39618, 1118, 868, 158, 83, 1417, 147, 1284, 7087, 920, 446, 718, 852, 314, 104, 425, 911, 47181, 838, 599, 68069, 240]
set size 34->[685, 172620, 2371, 4193, 818, 10, 677, 1011, 192, 1014, 222, 39618, 1118, 868, 158, 83, 1417, 147, 1284, 7087, 175, 920, 446, 718, 852, 314, 104, 425, 911, 47181, 838, 599, 68069, 240]
set size 35->[685, 172620, 2371, 4193, 818, 10, 677, 1011, 192, 1014, 222, 39618, 1118, 868, 158, 83, 1235, 1417, 147, 1284, 7087, 175, 920, 446, 718, 852, 314, 104, 425, 911, 47181, 838, 599, 68069, 240]
set size 36->[685, 172620, 2371, 4193, 818, 10, 677, 1011, 192, 1014, 222, 39618, 1118, 868, 158, 83, 1235, 1417, 147, 571, 1284, 7087, 175, 920, 446, 718, 852, 314, 104, 425, 911, 47181, 838, 599, 68069, 240]
set size 37->[685, 172620, 2371, 4193, 818, 10, 677, 1011, 192, 1014, 24704, 222, 39618, 1118, 868, 158, 83, 1235, 1417, 147, 571, 1284, 7087, 175, 920, 446, 718, 852, 314, 104, 425, 911, 47181, 838, 599, 68069, 240]
set size 38->[685, 172620, 2371, 4193, 818, 10, 677, 1011, 406, 192, 1014, 24704, 222, 39618, 1118, 868, 158, 83, 1235, 1417, 147, 571, 1284, 7087, 175, 920, 446, 718, 852, 314, 104, 425, 911, 47181, 838, 599, 68069, 240]
set size 39->[685, 172620, 2371, 4193, 818, 10, 677, 1011, 406, 192, 1014, 24704, 222, 39618, 1118, 868, 158, 83, 1235, 1417, 147, 571, 1284, 7087, 175, 920, 446, 718, 852, 314, 104, 425, 911, 47181, 838, 599, 68069, 663, 240]
set size 40->[685, 172620, 2371, 4193, 818, 10, 677, 1011, 406, 192, 1014, 24704, 222, 39618, 1118, 868, 158, 83, 1235, 1417, 147, 571, 1284, 7087, 175, 920, 446, 718, 852, 314, 104, 425, 911, 47181, 838, 599, 68069, 663, 536, 240]
set size 41->[685, 172620, 2371, 4193, 818, 10, 677, 1011, 406, 192, 1014, 24704, 222, 39618, 1118, 868, 158, 83, 1235, 1417, 147, 571, 229957, 1284, 7087, 175, 920, 446, 718, 852, 314, 104, 425, 911, 47181, 838, 599, 68069, 663, 536, 240]
set size 42->[75912, 685, 172620, 2371, 4193, 818, 10, 677, 1011, 406, 192, 1014, 24704, 222, 39618, 1118, 868, 158, 83, 1235, 1417, 147, 571, 229957, 1284, 7087, 175, 920, 446, 718, 852, 314, 104, 425, 911, 47181, 838, 599, 68069, 663, 536, 240]
set size 43->[75912, 685, 172620, 2371, 4193, 818, 10, 677, 1011, 406, 192, 1014, 24704, 222, 39618, 1118, 868, 158, 83, 1235, 1417, 147, 571, 229957, 1284, 7087, 175, 920, 446, 718, 852, 314, 104, 425, 911, 47181, 838, 1085, 599, 68069, 663, 536, 240]
set size 44->[75912, 685, 172620, 2371, 4193, 818, 10, 677, 1011, 406, 192, 1014, 24704, 760, 222, 39618, 1118, 868, 158, 83, 1235, 1417, 147, 571, 229957, 1284, 7087, 175, 920, 446, 718, 852, 314, 104, 425, 911, 47181, 838, 1085, 599, 68069, 663, 536, 240]
set size 45->[75912, 685, 172620, 2371, 4193, 818, 10, 677, 1011, 406, 467, 192, 1014, 24704, 760, 222, 39618, 1118, 868, 158, 83, 1235, 1417, 147, 571, 229957, 1284, 7087, 175, 920, 446, 718, 852, 314, 104, 425, 911, 47181, 838, 1085, 599, 68069, 663, 536, 240]
set size 46->[75912, 685, 172620, 2371, 4193, 818, 10, 677, 1011, 406, 467, 192, 1014, 24704, 760, 222, 39618, 1118, 868, 158, 83, 1235, 1417, 147, 571, 229957, 1284, 7087, 175, 920, 446, 718, 852, 314, 104, 356, 425, 911, 47181, 838, 1085, 599, 68069, 663, 536, 240]
set size 47->[75912, 685, 172620, 2371, 4193, 818, 10, 677, 1011, 406, 467, 192, 1014, 24704, 760, 222, 39618, 1118, 868, 562, 158, 83, 1235, 1417, 147, 571, 229957, 1284, 7087, 175, 920, 446, 718, 852, 314, 104, 356, 425, 911, 47181, 838, 1085, 599, 68069, 663, 536, 240]
set size 48->[75912, 685, 172620, 2371, 4193, 336, 818, 10, 677, 1011, 406, 467, 192, 1014, 24704, 760, 222, 39618, 1118, 868, 562, 158, 83, 1235, 1417, 147, 571, 229957, 1284, 7087, 175, 920, 446, 718, 852, 314, 104, 356, 425, 911, 47181, 838, 1085, 599, 68069, 663, 536, 240]
set size 49->[685, 172620, 818, 677, 10, 406, 1118, 562, 158, 1235, 22, 147, 571, 7087, 175, 446, 920, 314, 911, 425, 47181, 663, 536, 75912, 2371, 4193, 336, 1011, 192, 467, 1014, 24704, 39618, 222, 760, 868, 83, 1417, 1284, 229957, 852, 718, 104, 356, 838, 599, 1085, 68069, 240]
set size 50->[685, 172620, 818, 677, 10, 406, 1118, 562, 158, 1235, 22, 147, 571, 7087, 175, 446, 920, 314, 911, 425, 47181, 663, 536, 75912, 2371, 4193, 336, 1011, 192, 467, 1014, 24704, 39618, 222, 760, 868, 83, 118331, 1417, 1284, 229957, 852, 718, 104, 356, 838, 599, 1085, 68069, 240]
12月27日14时42分TLLFGreedy spend->1011.258seconds
12月27日14时42分SingleDiscount begin!
set size 1->[83]
set size 2->[868, 83]
set size 3->[868, 83, 192]
set size 4->[868, 2371, 83, 192]
set size 5->[868, 2371, 83, 10, 192]
set size 6->[868, 2371, 83, 1417, 10, 192]
set size 7->[868, 2371, 83, 1417, 10, 192, 104]
set size 8->[868, 2371, 83, 818, 1417, 10, 192, 104]
set size 9->[868, 2371, 83, 818, 1417, 10, 192, 240, 104]
set size 10->[868, 2371, 83, 818, 1417, 10, 147, 192, 240, 104]
set size 11->[222, 868, 2371, 83, 818, 1417, 10, 147, 192, 240, 104]
set size 12->[222, 868, 2371, 83, 852, 818, 1417, 10, 147, 192, 240, 104]
set size 13->[2371, 920, 818, 852, 10, 192, 104, 222, 868, 83, 1417, 147, 240]
set size 14->[2371, 920, 818, 852, 10, 192, 104, 222, 868, 83, 1235, 1417, 147, 240]
set size 15->[2371, 920, 818, 852, 10, 192, 104, 222, 868, 83, 1235, 1417, 147, 1284, 240]
set size 16->[2371, 920, 818, 852, 10, 192, 104, 222, 868, 83, 1235, 1417, 147, 301, 1284, 240]
set size 17->[2371, 920, 818, 852, 10, 192, 104, 222, 868, 83, 1235, 1417, 147, 536, 301, 1284, 240]
set size 18->[2371, 920, 818, 852, 10, 406, 192, 104, 222, 868, 83, 1235, 1417, 147, 536, 301, 1284, 240]
set size 19->[2371, 920, 818, 852, 10, 406, 192, 104, 39618, 222, 868, 83, 1235, 1417, 147, 536, 301, 1284, 240]
set size 20->[2371, 920, 818, 852, 10, 406, 192, 104, 39618, 222, 868, 1085, 83, 1235, 1417, 147, 536, 301, 1284, 240]
set size 21->[2371, 920, 818, 852, 10, 406, 192, 104, 39618, 222, 868, 158, 1085, 83, 1235, 1417, 147, 536, 301, 1284, 240]
set size 22->[2371, 920, 818, 852, 10, 406, 192, 104, 760, 39618, 222, 868, 158, 1085, 83, 1235, 1417, 147, 536, 301, 1284, 240]
set size 23->[510, 2371, 920, 818, 852, 10, 406, 192, 104, 760, 39618, 222, 868, 158, 1085, 83, 1235, 1417, 147, 536, 301, 1284, 240]
set size 24->[510, 2371, 920, 818, 852, 10, 406, 192, 104, 760, 39618, 222, 868, 158, 1085, 83, 1235, 68069, 1417, 147, 536, 301, 1284, 240]
set size 25->[2371, 818, 10, 406, 192, 222, 39618, 760, 868, 83, 158, 1235, 1417, 147, 1284, 510, 920, 852, 104, 1085, 68069, 663, 301, 536, 240]
set size 26->[75912, 2371, 818, 10, 406, 192, 222, 39618, 760, 868, 83, 158, 1235, 1417, 147, 1284, 510, 920, 852, 104, 1085, 68069, 663, 301, 536, 240]
set size 27->[75912, 2371, 818, 10, 406, 192, 222, 39618, 760, 868, 83, 158, 22, 1235, 1417, 147, 1284, 510, 920, 852, 104, 1085, 68069, 663, 301, 536, 240]
set size 28->[75912, 2371, 818, 10, 406, 192, 222, 39618, 760, 868, 83, 158, 22, 1235, 1417, 147, 1284, 510, 920, 718, 852, 104, 1085, 68069, 663, 301, 536, 240]
set size 29->[75912, 2371, 818, 10, 406, 192, 222, 39618, 760, 868, 83, 158, 22, 1235, 1417, 147, 1284, 510, 920, 718, 852, 104, 1085, 68069, 663, 301, 536, 240, 120]
set size 30->[75912, 2371, 818, 10, 406, 192, 222, 39618, 760, 868, 83, 158, 22, 1235, 1417, 147, 1240, 1284, 510, 920, 718, 852, 104, 1085, 68069, 663, 301, 536, 240, 120]
set size 31->[75912, 2371, 818, 1010, 10, 406, 192, 222, 39618, 760, 868, 83, 158, 22, 1235, 1417, 147, 1240, 1284, 510, 920, 718, 852, 104, 1085, 68069, 663, 301, 536, 240, 120]
set size 32->[75912, 2371, 818, 1010, 10, 406, 192, 222, 39618, 760, 868, 83, 158, 22, 1235, 1417, 147, 1240, 1284, 510, 920, 718, 852, 104, 1326, 1085, 68069, 663, 301, 536, 240, 120]
set size 33->[75912, 2371, 818, 1010, 10, 406, 467, 192, 222, 39618, 760, 868, 83, 158, 22, 1235, 1417, 147, 1240, 1284, 510, 920, 718, 852, 104, 1326, 1085, 68069, 663, 301, 536, 240, 120]
set size 34->[75912, 2371, 818, 1010, 10, 406, 467, 192, 222, 39618, 760, 868, 83, 158, 22, 1235, 1417, 147, 1240, 1284, 510, 512, 920, 718, 852, 104, 1326, 1085, 68069, 663, 301, 536, 240, 120]
set size 35->[75912, 2371, 4193, 818, 1010, 10, 406, 467, 192, 222, 39618, 760, 868, 83, 158, 22, 1235, 1417, 147, 1240, 1284, 510, 512, 920, 718, 852, 104, 1326, 1085, 68069, 663, 301, 536, 240, 120]
set size 36->[75912, 2371, 4193, 818, 1010, 10, 406, 467, 192, 195, 222, 39618, 760, 868, 83, 158, 22, 1235, 1417, 147, 1240, 1284, 510, 512, 920, 718, 852, 104, 1326, 1085, 68069, 663, 301, 536, 240, 120]
set size 37->[75912, 2371, 4193, 818, 1010, 10, 406, 467, 192, 195, 222, 39618, 760, 1118, 868, 83, 158, 22, 1235, 1417, 147, 1240, 1284, 510, 512, 920, 718, 852, 104, 1326, 1085, 68069, 663, 301, 536, 240, 120]
set size 38->[75912, 2371, 4193, 818, 1010, 10, 406, 467, 192, 195, 222, 39618, 760, 1118, 868, 83, 158, 22, 1235, 1417, 147, 1240, 1284, 510, 512, 920, 718, 852, 104, 356, 1326, 1085, 68069, 663, 301, 536, 240, 120]
set size 39->[75912, 2371, 4193, 818, 1010, 10, 406, 467, 192, 195, 222, 39618, 760, 1118, 868, 83, 158, 22, 1235, 1417, 147, 571, 1240, 1284, 510, 512, 920, 718, 852, 104, 356, 1326, 1085, 68069, 663, 301, 536, 240, 120]
set size 40->[75912, 2371, 4193, 818, 1010, 10, 406, 467, 192, 195, 222, 39618, 760, 1118, 868, 83, 158, 22, 1235, 1417, 333, 147, 571, 1240, 1284, 510, 512, 920, 718, 852, 104, 356, 1326, 1085, 68069, 663, 301, 536, 240, 120]
set size 41->[75912, 2371, 4193, 818, 1010, 10, 406, 467, 192, 195, 222, 39618, 760, 1118, 868, 83, 158, 22, 1235, 1417, 333, 147, 571, 1240, 389, 1284, 510, 512, 920, 718, 852, 104, 356, 1326, 1085, 68069, 663, 301, 536, 240, 120]
set size 42->[75912, 2371, 4193, 818, 1010, 10, 406, 467, 192, 195, 222, 39618, 760, 1118, 868, 83, 158, 22, 1235, 1417, 333, 147, 571, 1240, 389, 1284, 510, 512, 920, 718, 852, 104, 356, 1326, 1085, 68069, 663, 657, 301, 536, 240, 120]
set size 43->[75912, 2371, 4193, 818, 1010, 10, 406, 467, 192, 195, 222, 39618, 760, 1118, 868, 83, 158, 22, 1235, 1417, 333, 147, 571, 1240, 389, 1284, 510, 512, 920, 718, 852, 104, 356, 1326, 1085, 68069, 663, 779, 657, 301, 536, 240, 120]
set size 44->[75912, 2371, 4193, 202, 818, 1010, 10, 406, 467, 192, 195, 222, 39618, 760, 1118, 868, 83, 158, 22, 1235, 1417, 333, 147, 571, 1240, 389, 1284, 510, 512, 920, 718, 852, 104, 356, 1326, 1085, 68069, 663, 779, 657, 301, 536, 240, 120]
set size 45->[75912, 2371, 4193, 202, 818, 1010, 10, 406, 467, 192, 195, 222, 39618, 760, 1118, 868, 83, 158, 22, 1235, 1417, 333, 147, 571, 1240, 389, 1284, 510, 512, 920, 718, 852, 104, 1531, 356, 1326, 1085, 68069, 663, 779, 657, 301, 536, 240, 120]
set size 46->[75912, 2371, 4193, 202, 818, 1010, 10, 406, 467, 192, 195, 805, 222, 39618, 760, 1118, 868, 83, 158, 22, 1235, 1417, 333, 147, 571, 1240, 389, 1284, 510, 512, 920, 718, 852, 104, 1531, 356, 1326, 1085, 68069, 663, 779, 657, 301, 536, 240, 120]
set size 47->[75912, 1849, 2371, 4193, 202, 818, 1010, 10, 406, 467, 192, 195, 805, 222, 39618, 760, 1118, 868, 83, 158, 22, 1235, 1417, 333, 147, 571, 1240, 389, 1284, 510, 512, 920, 718, 852, 104, 1531, 356, 1326, 1085, 68069, 663, 779, 657, 301, 536, 240, 120]
set size 48->[685, 75912, 1849, 2371, 4193, 202, 818, 1010, 10, 406, 467, 192, 195, 805, 222, 39618, 760, 1118, 868, 83, 158, 22, 1235, 1417, 333, 147, 571, 1240, 389, 1284, 510, 512, 920, 718, 852, 104, 1531, 356, 1326, 1085, 68069, 663, 779, 657, 301, 536, 240, 120]
set size 49->[685, 818, 10, 406, 805, 1118, 158, 1235, 22, 147, 1240, 571, 389, 512, 920, 41, 1531, 663, 536, 301, 657, 779, 75912, 1849, 2371, 4193, 202, 1010, 192, 467, 195, 760, 39618, 222, 868, 83, 1417, 333, 1284, 510, 852, 718, 104, 356, 1085, 1326, 68069, 240, 120]
set size 50->[685, 818, 10, 406, 805, 1118, 158, 1235, 22, 147, 1240, 571, 389, 512, 920, 41, 1531, 663, 536, 301, 657, 779, 75912, 1849, 2371, 4193, 202, 1010, 1011, 192, 467, 195, 760, 39618, 222, 868, 83, 1417, 333, 1284, 510, 852, 718, 104, 356, 1085, 1326, 68069, 240, 120]
12月27日14时42分SingleDiscount spend->6.31seconds
12月27日14时42分random begin!
set size 1->[207973]
set size 2->[207973, 143370]
set size 3->[241919, 207973, 143370]
set size 4->[134686, 241919, 207973, 143370]
set size 5->[134686, 195178, 241919, 207973, 143370]
set size 6->[134686, 195178, 241919, 207973, 143370, 14607]
set size 7->[134686, 195178, 241919, 212986, 207973, 143370, 14607]
set size 8->[134686, 195178, 229288, 241919, 212986, 207973, 143370, 14607]
set size 9->[134686, 195178, 229288, 241919, 71264, 212986, 207973, 143370, 14607]
set size 10->[18202, 134686, 195178, 229288, 241919, 71264, 212986, 207973, 143370, 14607]
set size 11->[154521, 18202, 134686, 195178, 229288, 241919, 71264, 212986, 207973, 143370, 14607]
set size 12->[154521, 18202, 134686, 195178, 70759, 229288, 241919, 71264, 212986, 207973, 143370, 14607]
set size 13->[134686, 18202, 241919, 207973, 212986, 143370, 14607, 154521, 195178, 229288, 70759, 71264, 13133]
set size 14->[134686, 18202, 241919, 207973, 212986, 143370, 14607, 154521, 195178, 229288, 70759, 71264, 13133, 56877]
set size 15->[161477, 134686, 18202, 241919, 207973, 212986, 143370, 14607, 154521, 195178, 229288, 70759, 71264, 13133, 56877]
set size 16->[152541, 161477, 134686, 18202, 241919, 207973, 212986, 143370, 14607, 154521, 195178, 229288, 70759, 71264, 13133, 56877]
set size 17->[152541, 161477, 134686, 18202, 125722, 241919, 207973, 212986, 143370, 14607, 154521, 195178, 229288, 70759, 71264, 13133, 56877]
set size 18->[152541, 161477, 134686, 18202, 125722, 241919, 207973, 212986, 143370, 14607, 154521, 195178, 229288, 70759, 71264, 13133, 249493, 56877]
set size 19->[152541, 161477, 134686, 18202, 125722, 241919, 207973, 212986, 143370, 72300, 14607, 154521, 195178, 229288, 70759, 71264, 13133, 249493, 56877]
set size 20->[152541, 161477, 134686, 18202, 125722, 241919, 207973, 212986, 143370, 72300, 14607, 154521, 195178, 229288, 70759, 71264, 14894, 13133, 249493, 56877]
set size 21->[152541, 161477, 134686, 18202, 125722, 241919, 207973, 212986, 143370, 72300, 14607, 154521, 220918, 195178, 229288, 70759, 71264, 14894, 13133, 249493, 56877]
set size 22->[152541, 161477, 134686, 18202, 125722, 241919, 207973, 212986, 143370, 72300, 14607, 154521, 220918, 181573, 195178, 229288, 70759, 71264, 14894, 13133, 249493, 56877]
set size 23->[152541, 161477, 134686, 18202, 125722, 67623, 241919, 207973, 212986, 143370, 72300, 14607, 154521, 220918, 181573, 195178, 229288, 70759, 71264, 14894, 13133, 249493, 56877]
set size 24->[152541, 161477, 134686, 18202, 125722, 67623, 241919, 207973, 212986, 143370, 72300, 14607, 154521, 220918, 131320, 181573, 195178, 229288, 70759, 71264, 14894, 13133, 249493, 56877]
set size 25->[134686, 212986, 207973, 143370, 220918, 131320, 195178, 70759, 229288, 13133, 182578, 249493, 152541, 18202, 161477, 125722, 67623, 241919, 14607, 72300, 154521, 181573, 71264, 14894, 56877]
set size 26->[134686, 212986, 207973, 143370, 220918, 131320, 195178, 182383, 70759, 229288, 13133, 182578, 249493, 152541, 18202, 161477, 125722, 67623, 241919, 14607, 72300, 154521, 181573, 71264, 14894, 56877]
set size 27->[134686, 212986, 207973, 143370, 220918, 131320, 195178, 182383, 70759, 229288, 13133, 182578, 249493, 152541, 18202, 161477, 125722, 67623, 241919, 14607, 72300, 154521, 181573, 210158, 71264, 14894, 56877]
set size 28->[134686, 212986, 207973, 143370, 258306, 220918, 131320, 195178, 182383, 70759, 229288, 13133, 182578, 249493, 152541, 18202, 161477, 125722, 67623, 241919, 14607, 72300, 154521, 181573, 210158, 71264, 14894, 56877]
set size 29->[134686, 203641, 212986, 207973, 143370, 258306, 220918, 131320, 195178, 182383, 70759, 229288, 13133, 182578, 249493, 152541, 18202, 161477, 125722, 67623, 241919, 14607, 72300, 154521, 181573, 210158, 71264, 14894, 56877]
set size 30->[134686, 203641, 212986, 207973, 143370, 258306, 37281, 220918, 131320, 195178, 182383, 70759, 229288, 13133, 182578, 249493, 152541, 18202, 161477, 125722, 67623, 241919, 14607, 72300, 154521, 181573, 210158, 71264, 14894, 56877]
set size 31->[134686, 203641, 212986, 207973, 143370, 258306, 37281, 220918, 131320, 195178, 182383, 70759, 229288, 13133, 182578, 249493, 152541, 18202, 161477, 125722, 67623, 241919, 14607, 72300, 154521, 165806, 181573, 210158, 71264, 14894, 56877]
set size 32->[134686, 203641, 212986, 207973, 143370, 258306, 37281, 220918, 131320, 195178, 182383, 70759, 229288, 13133, 182578, 249493, 152541, 18202, 161477, 125722, 67623, 241919, 14607, 72300, 154521, 165806, 181573, 110864, 210158, 71264, 14894, 56877]
set size 33->[134686, 203641, 212986, 207973, 143370, 258306, 37281, 220918, 131320, 233937, 195178, 182383, 70759, 229288, 13133, 182578, 249493, 152541, 18202, 161477, 125722, 67623, 241919, 14607, 72300, 154521, 165806, 181573, 110864, 210158, 71264, 14894, 56877]
set size 34->[134686, 203641, 212986, 207973, 143370, 258306, 37281, 111787, 220918, 131320, 233937, 195178, 182383, 70759, 229288, 13133, 182578, 249493, 152541, 18202, 161477, 125722, 67623, 241919, 14607, 72300, 154521, 165806, 181573, 110864, 210158, 71264, 14894, 56877]
set size 35->[134686, 203641, 212986, 207973, 143370, 258306, 37281, 111787, 220918, 131320, 233937, 195178, 182383, 70759, 229288, 13133, 182578, 249493, 152541, 18202, 161477, 125722, 67623, 241919, 209973, 14607, 72300, 154521, 165806, 181573, 110864, 210158, 71264, 14894, 56877]
set size 36->[134686, 203641, 212986, 207973, 143370, 258306, 37281, 111787, 220918, 131320, 233937, 195178, 182383, 70759, 229288, 13133, 182578, 249493, 152541, 18202, 161477, 125722, 67623, 241919, 209973, 14607, 72300, 154521, 165806, 181573, 91369, 110864, 210158, 71264, 14894, 56877]
set size 37->[134686, 203641, 212986, 207973, 143370, 258306, 37281, 111787, 220918, 131320, 233937, 195178, 221839, 182383, 70759, 229288, 13133, 182578, 249493, 152541, 18202, 161477, 125722, 67623, 241919, 209973, 14607, 72300, 154521, 165806, 181573, 91369, 110864, 210158, 71264, 14894, 56877]
set size 38->[134686, 203641, 212986, 207973, 143370, 258306, 37281, 111787, 220918, 131320, 233937, 195178, 221839, 182383, 70759, 229288, 13133, 182578, 249493, 152541, 18202, 161477, 125722, 67623, 241919, 148012, 209973, 14607, 72300, 154521, 165806, 181573, 91369, 110864, 210158, 71264, 14894, 56877]
set size 39->[134686, 203641, 212986, 207973, 143370, 258306, 96006, 37281, 111787, 220918, 131320, 233937, 195178, 221839, 182383, 70759, 229288, 13133, 182578, 249493, 152541, 18202, 161477, 125722, 67623, 241919, 148012, 209973, 14607, 72300, 154521, 165806, 181573, 91369, 110864, 210158, 71264, 14894, 56877]
set size 40->[134686, 203641, 212986, 207973, 143370, 258306, 96006, 37281, 111787, 220918, 131320, 233937, 195178, 221839, 182383, 70759, 229288, 13133, 182578, 33883, 249493, 152541, 18202, 161477, 125722, 67623, 241919, 148012, 209973, 14607, 72300, 154521, 165806, 181573, 91369, 110864, 210158, 71264, 14894, 56877]
set size 41->[134686, 203641, 212986, 207973, 143370, 258306, 96006, 37281, 111787, 220918, 131320, 233937, 195178, 221839, 182383, 70759, 229288, 13133, 182578, 33883, 249493, 152541, 18202, 161477, 125722, 67623, 241919, 148012, 209973, 14607, 72300, 154521, 165806, 181573, 91369, 110864, 210158, 71264, 244860, 14894, 56877]
set size 42->[134686, 203641, 212986, 207973, 143370, 258306, 96006, 37281, 111787, 220918, 131320, 233937, 195178, 221839, 182383, 70759, 229288, 94917, 13133, 182578, 33883, 249493, 152541, 18202, 161477, 125722, 67623, 241919, 148012, 209973, 14607, 72300, 154521, 165806, 181573, 91369, 110864, 210158, 71264, 244860, 14894, 56877]
set size 43->[134686, 14171, 203641, 212986, 207973, 143370, 258306, 96006, 37281, 111787, 220918, 131320, 233937, 195178, 221839, 182383, 70759, 229288, 94917, 13133, 182578, 33883, 249493, 152541, 18202, 161477, 125722, 67623, 241919, 148012, 209973, 14607, 72300, 154521, 165806, 181573, 91369, 110864, 210158, 71264, 244860, 14894, 56877]
set size 44->[134686, 14171, 203641, 212986, 207973, 143370, 258306, 96006, 37281, 111787, 220918, 131320, 233937, 195178, 221839, 182383, 70759, 229288, 94917, 13133, 233106, 182578, 33883, 249493, 152541, 18202, 161477, 125722, 67623, 241919, 148012, 209973, 14607, 72300, 154521, 165806, 181573, 91369, 110864, 210158, 71264, 244860, 14894, 56877]
set size 45->[134686, 14171, 138701, 203641, 212986, 207973, 143370, 258306, 96006, 37281, 111787, 220918, 131320, 233937, 195178, 221839, 182383, 70759, 229288, 94917, 13133, 233106, 182578, 33883, 249493, 152541, 18202, 161477, 125722, 67623, 241919, 148012, 209973, 14607, 72300, 154521, 165806, 181573, 91369, 110864, 210158, 71264, 244860, 14894, 56877]
set size 46->[134686, 14171, 138701, 203641, 212986, 207973, 143370, 72475, 258306, 96006, 37281, 111787, 220918, 131320, 233937, 195178, 221839, 182383, 70759, 229288, 94917, 13133, 233106, 182578, 33883, 249493, 152541, 18202, 161477, 125722, 67623, 241919, 148012, 209973, 14607, 72300, 154521, 165806, 181573, 91369, 110864, 210158, 71264, 244860, 14894, 56877]
set size 47->[134686, 14171, 138701, 203641, 212986, 207973, 143370, 72475, 258306, 96006, 37281, 111787, 220918, 131320, 233937, 195178, 221839, 182383, 70759, 229288, 94917, 13133, 233106, 182578, 33883, 249493, 152541, 18202, 161477, 125722, 67623, 183206, 241919, 148012, 209973, 14607, 72300, 154521, 165806, 181573, 91369, 110864, 210158, 71264, 244860, 14894, 56877]
set size 48->[134686, 14171, 161386, 138701, 203641, 212986, 207973, 143370, 72475, 258306, 96006, 37281, 111787, 220918, 131320, 233937, 195178, 221839, 182383, 70759, 229288, 94917, 13133, 233106, 182578, 33883, 249493, 152541, 18202, 161477, 125722, 67623, 183206, 241919, 148012, 209973, 14607, 72300, 154521, 165806, 181573, 91369, 110864, 210158, 71264, 244860, 14894, 56877]
set size 49->[138701, 72475, 96006, 37281, 220918, 111787, 195178, 229288, 70759, 94917, 13133, 182578, 33883, 67623, 183206, 241919, 148012, 209973, 154521, 181573, 71264, 134686, 14171, 161386, 207973, 212986, 203641, 134569, 143370, 258306, 131320, 233937, 182383, 221839, 233106, 249493, 152541, 161477, 18202, 125722, 72300, 14607, 165806, 210158, 110864, 91369, 14894, 244860, 56877]
set size 50->[138701, 72475, 96006, 37281, 220918, 111787, 195178, 229288, 70759, 94917, 13133, 182578, 33883, 67623, 183206, 241919, 148012, 209973, 154521, 181573, 71264, 134686, 134440, 14171, 161386, 207973, 212986, 203641, 134569, 143370, 258306, 131320, 233937, 182383, 221839, 233106, 249493, 152541, 161477, 18202, 125722, 72300, 14607, 165806, 210158, 110864, 91369, 14894, 244860, 56877]
12月27日14时42分random spend->2.066seconds
12月27日14时42分NeiborNumGreedy begin!
set size 1->[39618]
set size 2->[39618, 10]
set size 3->[39618, 10, 192]
set size 4->[39618, 10, 192, 673]