
331.225 7.366540859733564
286.269 6.7549519578632715
362.929 7.44867719304385
275.021 6.717193587393034
203.215 5.184568038976078
289.403 6.822506472323271
292.394 6.998245262637482
147.099 3.6943451067620985
281.144 6.340656731839228
314.493 7.366245059488451
278.932 6.676824961566035
260.053 6.424013023249726
304.438 7.0680986689557335
299.941 7.338090087697258
265.571 6.514832330433023
368.383 7.5381292819249905
109.486 3.0010550011086017
273.701 6.531346042830893
312.908 7.3138646797579785
282.837 6.6849515421555665
346.478 7.29447268109
251.464 6.093242984315362
361.464 7.368766823375229
334.785 7.668118780395814
263.942 6.382408667660021
76.674 1.931295050872708
267.833 6.579691676728245
206.862 5.0904241645608534
141.935 3.865819753344465
305.094 6.99827116705101
299.543 6.987658783329846
76.484 1.9528105084777487
180.655 4.605574830667964
258.594 6.362357476508504
28.454 0.7240988402335795
27.917 0.7104579324947455
28.584 0.7415326589438404
296.817 7.129753072271516
331.229 7.091394343012933
321.255 6.982526508227405
362.718 7.569553386277224
370.834 7.456674747298066
205.718 4.94717406886038
267.775 6.351370665294147
325.789 7.253937122679064
347.743 7.618122271470847
170.42 4.0769393541764485
176.748 4.208595478194158
349.044 7.326963031624684
328.418 7.237512409634994
276.709 6.532546371172624
348.621 7.61765575657763
56.746 1.3860895284522348
335.822 7.261560440516506
253.925 5.835944849996649
349.579 7.442448803260039
286.593 7.410725926416296
325.534 7.566205414735294
255.613 6.493072904441273
75.407 2.0968206858788716
156.924 4.48967930888372
315.215 7.4752771226556085
155.857 4.39820896910736
251.583 6.576426969309492
215.048 6.140819973010256
238.088 6.013725544119641
176.876 4.96153459037677
218.17 5.972134599797029
290.04 7.268217762767079
275.551 6.785050356593834
224.943 5.831105605519731
314.737 7.590819965776863
256.448 6.432739235250636
279.878 6.697651563682382
161.261 4.39513796240227
350.792 7.672326911288561
171.585 4.248640678388949
191.057 5.043011858560018
199.22 4.884745640466699
301.551 6.956511295006269
311.811 7.267567910713325
282.055 6.793300635514221
141.215 3.6484359257021004
259.985 6.195221705618863
290.595 7.184244398636043
203.317 5.173976945577558
156.368 3.844693739435345
195.608 5.0811918337124435
124.898 3.568372214242034
230.225 6.415259564755042
173.354 4.520916474236916
167.95 4.360310079680204
176.758 4.962492384818296
278.448 6.782853000840171
99.019 2.766599682553154
98.157 2.900837444280252
61.279 1.5046155337600857
56.212 1.6908071441936092
102.189 2.7584656437598887
59.796 1.6362840051800587
201.101 5.056107615929992
45.808 1.291594763704344
110.002 2.8019427513283763
265.757 6.05007353728796
377.191 7.1568583118883735
291.492 7.105327048724868
254.261 5.99434017685826
164.922 4.125288512202007
59.644 1.5433323963099463
184.029 4.88908860633593
33.407 0.8292493944176714
248.049 6.419373555822056
216.128 5.669306747122572
94.192 2.6421879956501257
164.225 4.470113831977178
346.894 7.581509544326125
226.078 5.679410174468438
116.929 3.315028414128031
168.778 4.42017620649612
299.697 7.355633624964039
157.601 4.436477562186185
198.839 5.194405700285622
92.641 2.255426700332598
261.137 6.560610021244605
197.685 4.989783087407508
57.592 1.5644677991120601
246.647 6.151748738792731
351.028 7.48314330670347
146.043 3.616745147003901
199.645 5.067498576623191
232.328 6.130971021169136
172.667 4.7318554340495425
234.065 5.733291484265084
343.769 7.804852266246074
339.823 7.6257027202691905
143.441 4.108212841554978
327.449 7.378251217637085
92.137 2.444311185794064
74.843 2.0508019938489848
337.009 7.577323035474726
152.733 4.002590933997114
296.161 7.063688039882803
317.952 7.524014113283429
76.796 2.2334700359010564
274.945 6.675206848409193
306.626 7.2650991781740295
275.211 6.646071637568659
219.18 5.473033479814531
200.666 5.1557486926507075
291.613 6.851970397944408
60.048 1.552911821408434
273.119 6.8641540565292205
217.67 5.752804588444482
84.832 2.1949102392889355
265.01 6.576280765070644
120.37 3.2132905913947263
242.765 5.690454983104334
135.848 3.9138223978842688
82.785 2.2037637223518662
42.246 1.2076851145586265
179.283 4.643537186784591
198.265 5.101471390453183
166.039 4.487180260202697
133.174 3.650201491334876
172.029 4.8002037137199505
151.517 4.102098847426368
168.794 4.4716347734683355
220.23 5.71069422032474
117.478 3.243695171755664
105.763 2.8367350648700573
67.327 1.8640698260992865
103.126 2.947694185432295
43.111 1.1824326665488596
116.635 3.213330900030334
30.322 0.7712217739334326
278.179 6.787908331968688
76.25 2.123838525753286
124.29 3.392708076274043
101.664 2.8498570598411366
60.741 1.6275450925102894
191.58 5.0976518141562215
310.557 7.290813679737245
321.992 7.515682617886789
190.822 4.793591505919567
317.598 7.292239176273874
202.754 5.274100317858813
166.089 4.217718397711263
184.716 5.1270819598255395
207.914 5.439695990997676
144.928 3.7974385230750327
225.304 5.4971513955938285
197.38 5.061522817289123
277.904 6.815785351399879
307.412 6.9664230085718035
106.484 2.9065057894291635
363.628 7.533271589088886
230.933 5.755406025262595
334.957 7.793791941932023
229.166 5.910086728142884
279.899 6.579103268618084
324.039 7.075331096836235
243.852 5.7643228048698845
253.534 5.941747395178209
350.887 7.497738126131734
338.231 7.7656868816605655
334.462 7.308263213493798
269.413 6.282338870474989
216.093 5.39496559464369
143.021 3.4982723903840993
326.948 7.160486516084125
245.95 6.107602167037766
304.655 7.280372361575547
283.181 6.6456196716674425
301.52 6.656877321159858
317.391 7.605356495826287
282.366 6.713406630501802
245.842 5.776897733042353
296.351 6.874319559693777
322.342 7.839761493175949
131.092 3.2589592419424203
205.428 5.403153613910738
231.843 5.807153699344749
90.015 2.4255286167536143
105.553 3.011732274861285
32.397 1.0622001065590434
40.211 1.1426179885623526
259.854 5.924311687468568
227.969 5.553185806426434
93.569 2.474621594119965
213.047 5.426335813696861
215.304 5.426184444582273
54.27 1.4428336256785637
358.342 7.853902840735161
134.692 3.6080716904912786
224.061 5.629515363758745
71.23 1.6424128695990763
297.727 7.113163063338432
228.045 5.894927175921209
282.662 6.786783403020614
214.349 5.307828619133289
325.233 7.290950496219097
69.721 1.8906977302086012
317.049 7.354814058046913
115.374 3.205081217520096
219.518 5.135147640382602
221.463 5.2367726493778335
70.819 1.628287985899156
205.968 5.2801990377886145
50.981 1.2686480332926837
208.454 5.061632377637699
252.788 5.833890851681437
139.567 3.776966778543268
34.67 0.8223213889306367
248.741 5.9858564664948775
244.336 6.0066369778704685
156.386 4.432957815844398
184.945 4.732003259669677
114.708 2.8376662894695985
258.579 6.062425801946687
142.51 3.7564443068539757
36.273 0.8133540988530799
97.516 2.3868740023568065
248.742 5.852957192618954
98.196 2.884417080303814
140.297 3.61655643009278
94.318 2.4967027786159752
251.644 6.292936378000244
291.166 6.989606447636612
297.783 6.846789268368563
196.959 5.009200535823204
285.704 6.745280582160576
74.782 1.8139027270977446
89.473 2.322260252811151
326.718 7.153748326269667
192.143 4.979800646067905
218.098 5.433914279502022
131.318 3.500080932206387
142.619 4.069911990909666
155.92 4.17631188946623
155.765 4.041409739857081
61.739 1.5645820523479248
273.231 6.91070941029552
81.086 2.024904294186593
276.296 6.640028282744053
143.168 4.0701685955127065
131.941 3.4045623363880395
227.61 5.855504665837346
71.043 1.81227268109653
275.727 6.702022136602685
138.211 3.879460930919877
226.266 5.5077319385605845
58.366 1.5484492022038754
252.324 5.842774824371048
33.776 0.8182523936625896
71.546 2.0207749098524594
106.004 2.824676458834975
148.426 4.148218482037087
125.171 3.4587420955215538
344.769 7.920739085407973
196.66 5.154340005995051
99.912 2.9169638432586003
48.693 1.3858816621443146
302.389 7.121800540228672
50.984 1.3648081616197285
236.491 5.919497548617348
160.922 4.319138565121912
161.496 3.988504678084125
233.75 6.043518099973549
58.986 1.6633417304302005
38.88 1.3181305941986694
110.004 3.0669456220760485
123.499 3.7108686889048363
203.727 5.430923965878569
255.892 6.374098630405036
127.556 3.6271206597085928
318.47 7.389432189741511
206.021 5.084419779825342
30.918 0.74478479521288
40.234 1.0562794911757254
84.47 2.446669216296103
253.853 6.323908350279633
277.519 6.67412962913135
130.225 3.5436020339782455
174.485 4.369229989052509
198.223 4.881163458274412
58.856 1.7419454313868656
313.931 7.2812770159097955
169.315 4.21752096677658
288.748 6.777886789752104
189.329 4.971599491351446
287.242 6.831813034717121
355.22 7.509334587770125
366.462 7.5198113993044275
183.473 4.781001742594435
292.806 6.654487997223492
201.808 4.98279871088491
192.954 4.7384657420316625
196.089 4.794484999363998
246.087 6.286747924841692
247.893 6.0840318628175485
303.488 7.349198864054542
33.64 0.9632847697631879
106.978 2.8599279821186463
235.466 6.035580829172334
42.416 1.1874350629128627
184.999 4.867195489761105
143.711 4.12777215441548
110.506 3.031278890328264
147.087 3.834804018848033
68.161 2.012344949172877
244.371 6.230155497137128
193.468 5.355261486836679
199.294 5.098747870726146
354.395 7.741366920878968
321.587 7.486825936607691
324.21 7.690079462891882
138.611 3.642697774611755
247.278 6.184548982511066
95.827 2.4974207046627988
126.841 3.1252107616604943
267.917 6.177903722229918
232.953 5.806026555740781
210.136 5.440321882119509
218.088 5.187765451350192
162.422 4.19134702595675
92.327 2.315956669644284
284.591 6.89947532729557
287.42 6.9368836279120245
186.881 4.805715746664463
65.063 1.8684477545865683
236.213 5.8331536225452245
242.927 5.72056715064736
198.68 4.8596389014072665
37.705 0.8490889316885615
105.266 2.7576429687312562
237.268 6.223985217672847
161.663 4.240113914837872
337.848 7.498352746657918
86.114 2.3952548288872917
174.287 4.5274313651502425
304.798 7.178489880746813
237.75 6.037567725537542
228.96 5.64656866204546
290.804 7.016799467977332
233.169 5.9266001675257245
238.806 5.915921645452571
214.341 5.400718041320664
154.837 4.116676690560073
318.458 7.647250956184249
333.081 7.324564079954411
145.992 3.891436505918474
238.059 5.794335368869536
301.315 7.186291628203064
67.716 1.5832355605507462
99.248 2.848827893866969
334.355 7.851960332032072
147.808 3.7728774403230347
148.164 3.93035970578045
211.573 5.268698996548028
212.24 5.087538319147644
291.503 7.182365639079419
131.564 3.397898359915457
144.243 3.661301188468989
246.865 6.0327538331458
112.2 2.901807796401779
56.692 1.6746810815567028
190.983 5.003631430526976
133.226 3.830208499523017
234.437 6.061710873051352
278.594 6.770160953712429
147.536 4.021045761005031
206.532 5.342601638419479
275.976 6.655098125120756
187.552 4.6234877328525466
285.653 7.001940024673634
188.57 4.797843633557234
124.97 3.432213351645258
161.359 4.521065197611931
110.801 3.320497081036588
259.354 6.1185970168710995
70.787 2.0102124550526055
141.999 4.054988748600173
127.387 3.3378081046624954
30.707 0.7583113868536591
164.768 4.37160635621635
192.332 5.0119263194308745
178.419 5.098741435479735
84.605 2.145225081313554
303.037 7.372941941369537
183.101 5.157088652365906
221.237 5.532375150373737
121.698 3.6011253159547154
133.816 3.7615256807392408
339.952 7.995839337110618
138.565 3.362581869204572
79.364 2.0193894638927983
184.181 4.309072662299181
216.576 5.338437572528196
293.5 6.562107356283969
83.029 2.1931296028602674
190.273 5.171564894585642
84.615 2.164403993723881
204.277 5.347053658973219
183.538 4.686814752569161
159.93 4.268164720158994
309.159 6.983460613361978
155.703 4.513224108124633
78.436 2.0264622446673264
43.101 1.156041301263535
35.349 1.0491279934116196
149.384 4.371634706058514
273.68 6.8681417403670375
113.489 3.136310424891024
276.497 6.9504577841868755
170.624 4.615873945254768
128.727 3.5801554342851185
192.102 5.012387434809672
202.755 5.49865937521244
92.825 2.6394231781766284
223.345 6.04526051366625
61.045 1.6030875340787658
74.202 1.9549402819991581
35.857 0.8344338083114757
156.884 4.409079703677253
79.915 2.1815464098170922
245.93 6.017967846529106
269.727 6.720154968445978
300.171 7.127029885485505
55.561 1.5212456628391953
239.235 5.893695438399254
111.618 3.2701993614101905
208.487 4.970366742020304
93.31 2.210246264323752
103.619 2.5587801662568626
161.281 4.715932687911485
146.168 4.362557858047309
135.134 4.216003906206876
50.055 1.3744536484593028
110.234 3.323620259938339
129.694 3.8100802927974544
189.124 5.3203801182020305
83.652 2.5873966854967287
191.567 5.73156254922848
193.636 5.545531542227952
179.188 5.318089702569829
164.261 4.987058363252124
144.764 4.269461921106973
28.902 0.7312860520679493
222.23 5.7233009340979715
67.875 1.9464883857018165
115.346 3.5682705771621954
69.773 1.8345895217609642
29.073 0.7176613417028588
36.697 0.9357334899658379
205.535 5.454837598059591
25.849 0.7764656541595896
90.014 2.8098159649954324
51.627 1.6588667078623691
89.172 2.8309221281112076
202.31 5.731243901645499
210.402 5.641255721207766
16.222 0.5209725894738505
224.258 5.528197782700367
327.36 7.661348984238246
195.614 4.970222612468504
96.608 2.913529239968238
188.914 5.362755033395922
132.304 4.130559937102619
111.491 3.4651767119805688
149.146 4.3398152164896695
100.894 2.9488880854846315
186.375 5.233126832350557
161.179 4.70995738942005
23.06 0.7356905331344957
112.516 3.04068866732606
13.513 0.42264325781428863
85.407 2.6557700097847774
202.081 5.468774934549111
21.528 0.6553965154014558
118.88 3.1413104141338555
119.023 3.449113756727127
74.306 2.266255058484728
131.676 3.7398958392047437
93.292 2.4376230208290868
37.114 1.1022623349784297
27.016 0.7507330740160876
84.381 2.527783595005534
101.081 3.0669484885575455
64.357 1.9608852699061974
30.598 0.9193738049134113
36.638 1.0384772865174627
289.263 6.918657537931717
75.38 2.4004279276861853
79.989 2.0608000728857414
53.548 1.4501103106603976
47.861 1.3058687669999984
52.369 1.4755639547489199
146.777 4.0305220500578045
72.212 2.0376434849177802
117.702 3.2560260677003185
109.066 3.039517606429345
261.77 6.527786874630884
276.054 6.78847020406711
42.458 1.2223902106236462
219.755 5.4664603319214855
78.39 2.340754545195859
55.94 1.5717938523945032
59.344 1.7077726885011852
239.626 6.226607577978331
33.003 0.8652097699235131
115.179 3.185368847960881
320.295 7.684149128070371
108.654 2.937253426513841
237.398 6.294295548378672
168.497 4.769864058515317
77.361 2.1592087827473803
102.054 2.8445752400993123
137.048 3.712964023720471
79.315 2.299336707724161
48.588 1.383340541068894
44.728 1.5807147859579367
217.255 5.808675773950982
128.369 3.471051305668387
282.415 7.420359343092075
154.731 4.316348447112841
85.285 2.2852911709213517
100.678 2.6410702237830246
251.704 6.588316675293708
168.041 4.5538103438029705
49.03 1.2876503070761078
245.269 6.303081872619949
114.002 3.287095072534912
296.953 7.266149815972429
103.827 2.6760908319459515
16.542 0.5146987161981891
54.546 1.5750989595932965
48.296 1.2719855051065398
312.498 7.542248000163525
75.408 2.1028564946131802
44.465 1.1742211001168477
116.862 3.0782941080983117
61.072 1.7100587571030552
27.947 0.6932171454697854
216.474 5.671201362404627
260.171 6.486927954449866
163.369 4.213897270147079
51.358 1.441075555889708
291.773 7.292554314041482
63.517 1.8057047577644418
272.958 6.971413184507369
292.764 7.245795382152094
214.659 5.563504220225003
125.531 3.2361217974522103
255.815 6.563593965284905
127.398 3.39897060708637
144.667 3.693644425578933
65.254 1.8255964595526064
183.129 5.08460558865368
182.9 4.901602627910554
113.081 3.2037007542556775
100.288 2.8762569165794334
98.716 2.971345570476872
171.962 4.869232957007384
112.104 3.129086347339138
64.169 1.924518948311076
105.179 2.8890931276435654
143.161 4.106221186612147
71.308 2.2657322608805606
38.279 1.2469522368219321
84.758 2.6570498592418796
100.455 2.8985441784816546
121.836 3.7725178414279035
34.857 1.027831304124004
108.461 3.131596991014837
18.455 0.5237953129004725
21.749 0.5770770995872716
85.025 2.3189963222091996
16.453 0.45925480401740804
20.171 0.5416902437363013
55.396 1.5766129112134193
85.836 2.548583353162773
89.618 2.750218909141929
84.28 2.588063432876286
87.743 2.5196589754638965
98.965 2.7734811614326356
32.423 0.9892104119375158
30.608 1.0145809433621122
18.23 0.5743420755765937
127.32 3.4961525506806126
70.593 2.119269921345787
57.211 1.520405278301391
122.481 3.4065458330558998
180.829 4.66291391948214
73.748 2.421238631909199
7.43 0.25368513519918146
55.512 1.6861246972463062
17.421 0.47553444421924285
128.01 3.614660236510786
35.079 0.9935041601399434
80.706 2.29410558563827
164.458 3.99441184264217
183.979 4.463439125732392
116.397 3.0035047797307177
36.132 0.7691449866378608
78.41 1.9280855938313672
85.841 2.1328914992894967
155.865 4.0123666548988846
184.256 4.512392358862451
191.925 4.853047211470028
198.827 4.959300569366701
56.465 1.3883440958663316
83.946 2.325828785547601
43.708 1.2871725319571172
215.952 5.9441566194453905
55.526 1.4710753068542615
171.067 4.707133180450453
121.108 3.4777739952794917
112.966 3.07437526959223
131.281 3.67519174541796
268.065 6.91351481557036
126.109 3.5435375602286654
187.968 4.816559932393165
168.178 4.561468700855178
52.37 1.512232070165364
38.992 1.1049073878796691
96.484 2.4990229490381597
25.599 0.6451847523470995
104.106 2.9288664096070196
77.608 2.2646924544441958
27.203 0.7307362065182115
119.856 3.4174035251530244
116.36 3.075723744234191
49.435 1.3650572407728745
26.381 0.7893294261841959
90.56 2.80053473890122
92.454 2.2498660557475567
209.152 5.401953918857821
76.535 1.8711335599164818
27.801 0.6407041563058646
109.341 2.748609291860007
45.008 1.1635034187897317
35.909 1.0176526756747597
24.805 0.7822381244179829
18.636 0.5789995230500146
23.387 0.6130472796990456
61.924 1.7856311959103734
247.871 6.441375243509293
122.899 3.321682871286798
77.221 2.313559372113994
26.507 0.7412894125661588
197.922 5.164958964125201
176.823 4.486060674668491
112.499 3.0302497210922232
148.656 4.16625734193119
216.781 5.377873727322524
120.031 3.2515084917305375
112.167 3.081421600567253
263.356 6.6068363379545545
115.736 3.356036660302799
95.815 2.767903553025492
88.316 2.5611648877026654
102.115 2.7444744268879053
51.598 1.5014171705078987
108.075 3.092185022027176
169.441 4.377351992118952
137.26 4.011185224256068
134.271 3.6233914974143318
70.386 1.9336948705831645
199.543 5.692421831872071
95.392 2.6342787985949583
200.716 5.209338285128975
82.57 2.33376891128895
61.604 1.515299002543228
36.423 1.00658085888285
116.346 3.078289878130311
36.847 1.1490028287653475
15.214 0.4423954159321294
60.774 1.8706170362749006
99.129 2.7360270289168964
102.971 2.6246360528550907
113.787 3.081966727454715
41.1 1.0518445045360336
99.865 2.737594018668943
260.464 6.610622676457572
277.502 7.023489868110087
299.982 7.550096362029557
59.322 1.5750804685866944
56.023 1.7256518343538496
235.863 6.0474311642972225
267.375 6.809838974491505
76.471 2.4068353928900956
17.615 0.569284725632617
18.465 0.6050829019866288
34.412 1.1136421347353194
61.765 1.643239713652903
125.021 3.3406702482303103
93.015 2.6651714294401905
36.163 1.0333491532627044
68.358 1.7898481297726314
26.077 0.696343298528251
103.136 2.9531581865033445
95.18 2.6332931892531275
177.484 4.861982348932514
164.217 4.574841735055663
143.66 4.197487980258901
136.131 4.025524129997615
121.78 3.300438464725143
154.951 4.3905041443174575
68.599 1.8702253760526788
121.572 3.2912258906443146
12.254 0.39559829236619465
53.805 1.7461230674397645
56.24 1.5425937543264125
38.888 1.2836419371845216
60.471 1.933600837220501
277.994 7.071345522206761
123.715 4.015517392313753
6.625 0.20564817224926712
2.668 0.1317554080337789
16.298 0.4837244313243361
100.88 2.842699700285913
61.898 1.6812870260278734
31.14 0.7732002646626301
37.763 1.0891583429484526
133.764 3.9690318380882785
53.94 1.5307749193475013
135.328 3.5143625545082906
19.132 0.5777089019772974
172.71 4.924858604614986
124.438 3.5549546263551823
43.439 1.4286886780326205
113.62 3.3476397918878997
61.815 1.8624444931512474
55.59 1.7016053868802934
263.626 6.663249409791613
35.078 0.9772902799166909
58.793 1.4019602791111785
44.048 1.3405833137848369
41.103 0.930609975844549
241.817 6.132359096108112
106.96 2.673908798128056
27.113 0.7232679814892315
137.718 3.6614899286266622
169.611 4.66835548249981
24.972 0.6946716738315319
188.617 5.019572472643183
70.227 1.8609222881524958
241.363 6.263996079608255
25.705 0.6660678338204001
104.908 2.720966333368406
37.318 0.8998621033396876
138.545 3.64010166702747
73.626 2.3011552177894727
54.685 1.501479551395505
79.151 2.4030253619625737
84.034 2.1527912293583102
49.317 1.2947298795240456
86.266 2.295602923136822
32.489 0.8595072402213313
35.763 0.956083580190452
46.617 1.297128103790484
68.663 1.8691177652327657
25.65 0.6935283692800701
23.293 0.6360416966292644
7.642 0.22558802048135326
67.987 2.0882027396047382
28.053 0.779111532039419
108.017 3.3728444790019507
153.605 4.3110773497429795
81.843 2.3490893790431504
91.461 2.6196438022733832
77.676 2.1300845207208163
54.683 1.3502514996735309
38.709 1.0537666946044395
57.66 1.468218616802975
137.166 4.029641298776467
98.49 2.802197061462497
46.889 1.4842799680756562
114.896 3.355249805442825
37.546 1.0892373691553814
94.23 2.7198660628206097
89.972 2.739911924230835
36.283 1.0550944277790657
129.131 3.871487518775877
55.635 1.6376815925245023
55.014 1.4628142113932396
116.872 2.953215559084088
11.67 0.42640335926006084
69.669 1.884628242643066
32.497 0.8326692548056531
94.548 2.5579764722341523
19.457 0.5743017794414443
144.884 4.159291415173995
118.981 3.547435839961825
37.345 1.0267236138274696
140.873 4.00601338560755
50.61 1.5468639658711774
83.321 2.301690065428705
44.956 1.1890910456461525
87.696 2.7373435836433413
35.217 1.0667019177562507
21.307 0.7116251433115125
19.913 0.5547240537569682
62.286 1.7635770412325777
16.651 0.47204457543302397
81.283 2.4019001695254127
101.384 3.3492783250488167
128.849 4.061093129151944
130.922 4.112942849872451
17.519 0.5494579073718806
78.866 2.189507190918711
25.094 0.6497684248236687
83.171 2.4786996435328494
49.219 1.4460009950561536
71.944 2.2807427231885025
21.024 0.5768237586901885
19.96 0.5594381845716119
18.866 0.5271684236806736
145.846 3.9011303911442385
85.076 2.628021663627286
79.227 2.1369081155486755
8.682 0.24968676099280793
33.963 0.8499381616820534
57.817 1.6731851764951007
33.178 1.0262518434834993
46.13 1.1962658970191296
9.216 0.30081850600542104
107.564 3.3498667999852914
97.401 3.0042606614085408
121.628 3.57765874553
49.878 1.5993076810055191
84.594 2.6612197054255073
23.522 0.6371089829740143
91.056 2.51982910022352
70.496 2.1713213706679335
26.141 0.7218282007901604
34.68 1.1182568406879738
70.852 2.0665205170813823
58.63 1.6431753327959098
28.897 0.9301578228006029
50.014 1.5559821029344374
50.34 1.5034753800333902
32.634 0.9817072709662774
216.699 5.5435280796771655
208.834 5.543365156710722
224.027 5.956969349809791
215.636 5.758564960330908
209.91 5.639982808145075
107.625 3.1473609946760734
174.704 4.592475988205527
151.344 4.119453596643213
203.237 5.202762740325888
110.676 2.7949724308386283
109.286 3.2085559833343233
173.076 4.610557845425895
141.36 4.005863738118592
6.004 0.1925777853851828
48.316 1.3874065257281076
33.055 1.0486170028941866
31.206 1.0258933523838019
14.282 0.397572627302172
76.686 2.4135503543008174
25.807 0.9028529873424835
66.781 2.1155452060554127
83.808 2.1832164483837984
15.649 0.46373513195774807
55.398 2.063247900019437
119.333 3.5997657019410982
21.506 0.6411186776443558
50.115 1.7607378163760465
23.655 0.7749376082436739
85.449 2.5453202548256653
33.293 0.8650898199171533
85.317 2.2469360499276174
56.477 1.4757519132137495
25.01 0.6505398048001159
30.59 0.8194590309696038
9.436 0.31351285214931607
55.742 1.5904349720822368
129.329 3.4470999023938864
59.213 1.4898062622841326
71.367 2.0977305811918385
56.859 1.7496642659890138
51.435 1.6834742429985738
40.303 1.1935667310814728
36.033 0.9333717764463101
27.579 0.8311920258601793
53.434 1.571557452995682
70.963 2.0688087081291497
60.41 1.6458585012748939
28.58 0.8784040306844342
68.924 2.069330906989151
38.712 1.1586992923070438
26.944 0.7091765420051982
51.237 1.5945748684720864
95.733 2.709266691302253
76.486 2.097310181101235
85.451 2.2536176196403264
23.122 0.6722354323703742
98.977 2.934230999308778
57.004 1.7670900531997984
58.714 1.8127715529734902
65.4 1.8185512295357837
59.562 1.6595206586634377
171.242 4.730999547154819
87.595 2.5506291155793073
15.459 0.4662775065184027
11.065 0.36690918918835647
9.504 0.2844479809587989
61.394 1.9354679936818293
41.539 1.1889291184385573
78.693 2.2953580640151325
139.573 4.00935759732841
108.153 3.0527570630969425
41.264 0.9939311507183174
37.778 0.9355454136259573
104.983 3.154640016880075
120.775 3.3084784203703563
37.304 0.943053622931164
65.239 1.8657571528350632
64.345 1.6953160695425402
91.548 2.6156871520813727
55.607 1.6568768695036504
35.534 0.9323765029043346
79.913 2.1853665173716585
31.67 0.8379038852422869
33.061 1.0438861774749155
50.496 1.682743705801039
32.208 0.9975732758899137
25.653 0.694336348157847
25.44 0.741948616368794
17.094 0.48899052611525406
12.758 0.35889169726523085
38.44 1.0511975403568352
65.862 1.7599428213325603
106.138 3.112504397444637
22.826 0.5939668236136474
77.45 2.1498516266668295
30.122 1.0902804819688283
51.823 1.6395416382035375
133.316 3.6970166008104655
61.228 1.633953238623944
134.528 3.7644636339871687
24.281 0.7853342945043237
62.283 1.8946839681124654
65.127 1.769151439528808
50.112 1.58764771723721
32.015 1.0485314504991516
28.492 0.9143745277075244
44.83 1.4487557031901388
19.064 0.5593050760975482
57.653 1.8553942403409998
61.175 1.593390667813018
23.818 0.7631055169893226
143.217 4.5110576725370315
103.12 3.1990851930371136
17.049 0.5439889496199416
19.131 0.6396670845296486
35.96 1.0827274077602453
21.583 0.6723022046291647
84.925 2.5138635087213568
60.079 1.6550662667636995
39.118 1.3356250639027687
37.884 1.4908190440047626
62.324 2.2981767159313313
30.023 0.7222015221164294
81.578 2.443379941614677
29.673 0.946968300806081
82.714 2.455564414723936
74.84 2.1085383287443293
43.024 1.3009502359816265
23.764 0.6359591145837351
48.664 1.4421278167013665
32.567 0.9466627908017617
22.454 0.6185158289183663
32.796 1.0382837648446255
19.619 0.6748732976195639
7.778 0.239907003590072
19.454 0.6758320921782865
76.291 2.4301182816023346
23.686 0.6857810030715842
45.038 1.4009385553505078
59.66 1.9261886372617334
47.459 1.494164230574528
31.994 1.0378335275236514
93.587 2.910971325418251
32.187 1.0600489247562441
6.888 0.2082209814554221
12.803 0.4057990255624507
24.41 0.6476363200285041
31.967 0.8740521494834425
63.284 1.9382275347612121
33.623 0.9067935922087046
59.894 1.9107140701260077
93.625 3.162333526139026
36.97 1.290890860557318
55.103 1.8248233576581072
79.565 2.5205617608193007
51.727 1.9080517158788648
19.126 0.6207178175358504
46.125 1.533842761557622
21.37 0.6653167933012372
78.999 2.739054178941604
16.263 0.4921326038802028
48.292 1.7231886386577548
37.011 1.126392294984033
34.615 1.0662263384526953
7.454 0.3151821193585306
17.176 0.6262426848217918
68.504 2.025093850862474
27.213 0.8902063723225166
3.029 0.11249637044699003
44.925 1.546239042323514
30.251 1.071050045930367
33.992 0.9222962806174076
8.342 0.25854759873443145
14.842 0.44236944430645214
21.997 0.7738843561885843
23.043 0.6620391980689158
40.662 1.1863896023824243
31.759 0.9149412180934557
43.053 1.3501379143172907
31.433 1.0042195926530804
3.846 0.13629261292331696
9.4 0.4067960874061753
28.57 1.1029758141980537
88.806 2.924309537472938
39.092 1.2733982667304653
68.324 2.374735285118896
51.862 1.7696386738513339
30.562 0.7620586788826952
7.922 0.24845476387558665
35.515 1.0451897874575544
26.801 0.7308860547765615
30.013 0.909741649180552
14.437 0.4281421960694646
20.692 0.6298461986659212
44.56 1.705003610787674
13.873 0.570139341161738
15.277 0.6294125637456173
13.619 0.4366780735674941
17.228 0.5912361702291574
11.948 0.406654053328089
26.388 1.0596198932481964
10.718 0.3350112242812083
18.019 0.5376641584853467
20.619 0.7688920792143523
9.587 0.3220927302585186
9.418 0.3627492432399772
20.255 0.6244162860387139
6.442 0.20790601182059595
12.074 0.3758565442087445
13.093 0.38780707756800387
12.816 0.39685112559521174
14.917 0.5228681872043176
9.287 0.35462894944247253
35.914 1.1710172918345956
81.643 2.9073938755072226
3.491 0.11252261474777521
43.853 1.268214203043043
15.532 0.5498092289112367
12.304 0.386822972425136
3.058 0.11600222821634915
4.869 0.17026705980265178
37.97 1.638831783232665
6.367 0.20617272679450563
13.977 0.44651335095919154
16.589 0.5763458769996395
13.857 0.42404945273593875
13.341 0.41952159988828225
12.085 0.3581678354575015
52.111 1.9231453306919115
19.918 0.6517851318632206
14.518 0.4625491575156068
8.31 0.2745473607486857
27.266 0.7519488102210101
20.379 0.5602946135191211
4.587 0.15294466214561855
7.46 0.23124900168763463
9.208 0.25636698452827933
5.396 0.17180357824939202
8.087 0.2431998428389374
4.667 0.2281816020055574
13.874 0.44663125745123883
3.464 0.1261251402990281
11.379 0.3638003371783942
12.342 0.3913042188798691
4.599 0.1874966452492066
5.299 0.18619980318289422
6.47 0.2070203052765584
3.062 0.11757051591702983
1.934 0.0947655688367549
1.813 0.07882201914708442
