
13.251 1.9947294690765276
10.343 1.6173642896343707
17.287 2.4150440714649517
9.099 1.5808805842279392
5.56 0.8819650382353775
9.095 1.5206899280338484
10.325 1.6837792614658373
4.29 0.7103953424256344
11.648 1.7079516762029012
11.763 1.8685012437899027
8.578 1.4390840369082054
7.073 1.2004636005180267
10.178 1.6355604735157157
10.603 1.7019093900922804
7.643 1.318944518566628
18.188 2.4786269424745075
2.947 0.46969129748840593
9.308 1.4890561357002563
11.742 1.856282256676599
8.47 1.3956351265451623
17.088 2.3959543210551173
6.785 1.1653174064967229
19.03 2.616419239442704
13.548 2.0050239681512436
7.127 1.2205326325902117
2.401 0.2933693496044769
8.162 1.3770319595343739
5.222 0.8867947444380925
4.195 0.7039752993775625
10.833 1.7435265431903333
10.39 1.6549632171980881
2.239 0.29607934994832824
5.294 0.85688813035121
8.761 1.4423692160330324
1.633 0.1255386765713569
1.356 0.09504346442085605
1.675 0.15876350524522428
7.996 1.3843860691118575
15.517 2.2206597094985603
13.594 2.048724918550322
15.795 2.2696587902328615
20.422 2.6276717472881344
5.549 0.8938778717317285
8.664 1.4438355594300214
12.885 2.0030418462329154
14.363 2.199908686673014
4.604 0.723930616027735
4.524 0.6863990612801676
17.01 2.4335827770016243
12.828 1.9235237476730225
9.204 1.4944221088088312
14.783 2.1986491821224794
2.419 0.2835068434263453
15.713 2.23830050809304
8.232 1.2425124765295767
17.058 2.4427200768540627
8.122 1.4592414091255288
11.497 1.8629333900826526
7.024 1.2561441239322937
2.055 0.2638803273986673
3.331 0.6194643247758347
10.661 1.7281264660281555
3.596 0.6631375287758415
5.841 1.1080545278696552
5.138 1.0006135741723605
6.609 1.1663654632029
4.671 0.8093191328708341
5.286 1.0094092823247873
7.912 1.4438013241190983
9.248 1.5246589727184392
5.394 0.9382376596408144
10.563 1.7435831827697281
6.372 1.1241672720499707
9.745 1.5312657616402914
3.999 0.704208254664133
15.002 2.2461091140434077
4.467 0.7018333177832621
5.138 0.8997328778509149
5.394 0.8604235282470696
11.398 1.7774104004143396
11.075 1.7585026820014
8.218 1.418238069562474
3.736 0.5556831426588347
9.274 1.4383811597692797
9.68 1.6246962267214973
4.725 0.8106019955876489
4.244 0.6390740393075575
5.529 0.9881766928925638
3.185 0.5659856047403138
5.873 1.0988225614928266
4.512 0.769351879912056
4.767 0.8171609106048704
4.698 0.8601686746167808
8.218 1.4086957366378041
2.583 0.4014491370300906
3.008 0.47848179747619785
2.357 0.26222582827091
1.841 0.24834255070162548
3.043 0.4637864891398359
1.709 0.19437036010633035
5.487 0.9122803625112176
1.718 0.1881740152498926
3.963 0.6007432891097156
9.851 1.444565586692017
25.326 3.0504682568527595
8.885 1.541501878761595
8.128 1.2998432795800225
3.845 0.6244824151985761
1.989 0.2265164720383951
4.58 0.8053965781947272
1.259 0.07300463139801375
7.331 1.2624345759607203
5.606 0.942927821598256
2.517 0.36724641910853145
4.611 0.7962865299972399
16.308 2.359708946175906
6.851 1.0978295282386685
2.823 0.46675440023990267
3.991 0.6631860294749624
9.267 1.5621116826859467
3.936 0.7081738340944715
5.595 0.9260925074022597
3.017 0.3876048507018151
7.47 1.2978751055977604
4.927 0.8289750381611555
2.402 0.2784947173381907
8.049 1.2894288787473054
15.78 2.289800889213605
4.559 0.6189235191163565
5.742 0.9747025873142495
6.46 1.1828007574325636
3.561 0.6625386369395524
6.503 1.1107927067378092
12.547 1.9958671507356356
13.217 2.0074795322679546
3.78 0.6689517729433769
11.843 1.8852611893018096
2.375 0.3146023121923829
2.063 0.24259024186879194
11.618 1.8313166882433138
3.787 0.6335637973342816
9.69 1.5890924675619553
10.835 1.7964455845561216
2.319 0.37900228853401136
8.288 1.3529467280763319
10.581 1.6795667098776847
8.397 1.4008107321170644
6.437 1.0866484152706377
5.687 1.0237368939354654
9.116 1.5663061648554981
1.54 0.16643411866464164
8.319 1.4575096252483037
4.889 0.8878384432270858
2.586 0.3277697845201041
6.537 1.1536846006844874
2.847 0.4636416837586722
7.876 1.1984375300896803
3.3 0.5632371004455247
2.13 0.2865475113924699
1.551 0.1771320095582092
4.833 0.76621893820156
5.257 0.897049357771165
4.263 0.7292037940221124
3.229 0.5147323887300943
4.379 0.7802751291629765
4.001 0.6851339276871166
4.554 0.7190764629487033
6.107 1.0690374384676213
3.193 0.47376783376446824
2.575 0.3853840659306086
1.836 0.22010703271466428
2.827 0.442911780388716
1.847 0.1690241738112934
2.977 0.4509314035407642
1.566 0.13618378906004522
9.06 1.4673364497767982
2.37 0.31424561222857295
2.513 0.3900009339987656
3.02 0.4729579496645503
1.944 0.21122295468703797
4.027 0.7284424550401815
10.715 1.7673652578389347
11.557 1.8089008333647068
5.733 0.9010487978248014
10.996 1.779642681741974
4.837 0.8708794930766063
5.225 0.808591159932418
5.403 0.9431108912590995
5.906 1.0350317526581303
4.452 0.7065462283009718
6.639 1.0877174065907442
5.165 0.8890871085299688
8.623 1.4743412344745974
11.669 1.7953097088306649
2.877 0.4474421857924468
16.763 2.413274504809757
6.807 1.0886318037023657
12.346 1.9146689915522124
6.842 1.166524925538654
10.532 1.5953838481924905
14.542 2.1079989119756246
8.404 1.25109235225583
9.904 1.4342001900163217
16.255 2.301927687469082
12.646 2.0343950338658665
14.739 2.159558081008922
10.24 1.6024453567660126
6.013 1.014543369137216
4.282 0.5908353786023777
14.416 2.133630919793654
7.816 1.2891710393170057
10.094 1.6618586044431827
10.566 1.652343086801116
12.188 1.8503154604021783
9.957 1.7004023195510178
10.051 1.571949080218922
7.598 1.1765512635914355
11.412 1.749367729409774
10.745 1.7454949118500873
3.726 0.5715107592979733
4.898 0.8877538226618782
6.774 1.1257345108313275
2.973 0.40940887154625044
2.738 0.46034405691611807
1.575 0.15332605266444704
1.601 0.1565665228719992
9.412 1.5044192434228698
5.799 0.9466005863389079
2.763 0.37233524850942556
5.914 0.9996888404015983
6.176 1.0840350690470586
1.861 0.19917571390300107
15.039 2.2481452340797827
3.583 0.5808517686262282
5.579 1.0051024681586058
2.578 0.30105103276168027
11.097 1.8151213709338396
6.63 1.1389466046264114
9.117 1.4859169962187873
7.299 1.1985022427735772
11.929 1.9016633676188142
1.954 0.24832611035091445
10.801 1.8061451201826952
3.387 0.5515576382386418
7.444 1.1175706094936038
6.41 1.011033645106652
2.435 0.27316950474722224
5.439 0.9639367668339026
1.997 0.21126173593577874
5.774 0.9193243626914028
8.792 1.3307200671412245
4.152 0.6908103689342787
1.843 0.13850733027890466
6.458 1.1397755358193855
8.346 1.3533846134962024
3.443 0.6534440365623951
5.358 0.8992609570903921
3.433 0.5090435206040765
8.056 1.2727130870807963
4.445 0.6877484942927833
1.525 0.1172650156555039
3.826 0.5293803169343377
8.484 1.3805174296292522
3.001 0.47888677246917577
3.78 0.6385365626368636
2.876 0.39443685712469845
7.585 1.2767113040497924
8.646 1.4379390175709108
10.737 1.7192182122544606
6.355 1.0708605874847092
8.302 1.4032505781341846
2.825 0.3453887529179129
2.924 0.40277690468378774
14.08 2.108132828594342
4.783 0.7860630899789295
6.158 1.0475466175752315
4.336 0.6316430157342436
3.631 0.6468744239082551
4.46 0.7281948850648338
4.441 0.783473796940185
2.038 0.20124098536022367
7.733 1.3625289205267939
2.77 0.33575298929301584
8.585 1.373375570668735
3.263 0.5517993428857746
3.856 0.6133513415836521
6.468 1.1522783181890046
1.936 0.25042318839227024
9.485 1.5516228677134607
3.749 0.6654305800388438
7.953 1.2499474579249337
1.946 0.23363062495834497
7.791 1.2259968175083442
1.917 0.18054831053317077
2.502 0.33930652250534904
2.722 0.42355073732617887
4.039 0.6749990756500497
3.234 0.5338879836678588
12.766 2.0195188480032567
5.094 0.8708002664442525
3.181 0.4977902176881454
1.643 0.17611570565322102
9.685 1.6053030137432038
1.801 0.21884183118440736
7.026 1.1600939185028252
4.02 0.7104140960989315
4.687 0.7490675481837615
6.243 1.125206752620628
1.927 0.24020207685127717
1.678 0.21402877732188977
3.325 0.5099865339177886
3.027 0.5458432755338563
6.126 1.1005454274236515
6.767 1.1947546048364093
3.554 0.6046645456528316
11.118 1.8159564994250827
5.341 0.8513584091984799
1.834 0.15683539483888023
1.558 0.13454657692706715
2.701 0.3880556457614063
8.193 1.2831579906892325
9.164 1.5707021101473713
3.306 0.6048322667205618
4.386 0.7229211949644355
6.085 0.9150464066883534
2.081 0.28835530969261297
11.229 1.7344956227189547
4.483 0.6862617233260733
9.314 1.5203591870231201
5.068 0.8939770094722193
9.024 1.5031011457104455
15.719 2.294634913527935
18.32 2.5713199910908267
5.05 0.8868000901307214
10.788 1.5882099691665446
6.109 0.9635888548063803
6.697 1.0526832778696964
5.941 0.9447812237426654
6.812 1.238529284681193
7.191 1.236980614904829
9.762 1.650362434664789
1.521 0.12442223597162066
3.423 0.515709522982194
7.267 1.2014309292330783
1.617 0.16778737711973873
4.603 0.7868525171169882
3.945 0.7003637023751172
3.014 0.47989972607607123
4.21 0.6889841583063223
2.199 0.3204138121445238
6.958 1.215838902985208
4.75 0.8544986822604853
5.953 0.9763828131666309
15.712 2.251145118016919
12.493 1.9078966931244743
11.255 1.8052212222829376
3.75 0.579217842555839
6.953 1.1840774465084927
2.737 0.3838761260914311
3.903 0.5481055171618182
9.344 1.4761447228293754
6.781 1.1074924972111606
5.264 0.9309243468911086
7.002 1.094577000304881
4.369 0.7273441172527328
3.099 0.40502490371614513
10.282 1.644230487366211
8.028 1.3747917623866763
5.122 0.8745160009804418
2.194 0.3127698721619012
6.2 1.069602128894382
7.733 1.2584919737350284
5.227 0.8936739180461378
1.99 0.14473330300720155
3.256 0.44441219327986764
7.171 1.2937149518114717
3.941 0.6056249765972515
14.372 2.103118400774883
1.966 0.3078797325251757
4.525 0.7596950956907919
9.587 1.6066253954231455
7.201 1.2113389927844214
6.51 1.0596960926382792
9.752 1.61516687508078
5.488 0.9828967251666779
7.277 1.2185082493914143
6.177 1.0313445008833713
4.146 0.7339898937456135
11.103 1.764602892679613
13.368 1.9809224310433902
4.376 0.7037151345535445
6.624 1.1074143699238477
10.524 1.6905574632647762
3.099 0.34381825593866966
3.293 0.5278760277658926
12.64 2.0188666355854976
3.744 0.5650661660342625
4.496 0.6874032229089767
6.566 1.06929777825436
7.651 1.1484967376372017
8.543 1.4475775679599885
4.084 0.5977145738729217
4.01 0.6038495434571449
6.768 1.1119793005266478
3.418 0.5084842201026529
1.629 0.2117183002370629
5.331 0.9089085840109977
3.262 0.6000936702100303
6.334 1.1388679426797588
8.586 1.4625494134749188
3.303 0.5453656680092597
5.442 0.9802731377718122
8.206 1.4036741216994653
4.94 0.7794867592969804
8.804 1.5371037244121502
5.091 0.8477267816089717
2.678 0.42235158172773873
3.962 0.701224859128085
2.964 0.48229751125072845
8.351 1.3248466824690737
2.006 0.2572001515372469
3.519 0.5915684874886126
3.162 0.46296904238515
1.675 0.13401043490092657
4.452 0.75632336825153
4.3 0.8127297820849755
4.454 0.8819212209933267
2.34 0.30882384965345266
9.326 1.5687922602360647
3.885 0.7298409637448912
5.717 0.9628567566755758
3.319 0.6131815676837364
2.688 0.4408264500400171
12.737 1.9997374811496584
5.064 0.7333843400699404
2.403 0.29520290488717227
5.617 0.8614494762346618
6.478 1.0388696794762615
11.99 1.770226924155145
2.656 0.34455992544610003
4.583 0.8260414098819568
2.769 0.3567218602239299
5.742 0.9658910871569246
5.235 0.8883810990067056
4.043 0.7267898020434325
11.606 1.763268195844084
3.999 0.7541976642721542
2.193 0.2796156203413095
1.744 0.1738120543526187
1.724 0.18013422003025314
3.181 0.5881551439229675
7.673 1.3440098300252816
2.716 0.44176491900137216
9.15 1.5176742353501194
4.234 0.7207883550682953
3.519 0.5995712699887199
6.168 0.9887136817024691
5.335 0.960101020873438
2.841 0.47753293357197235
6.893 1.272254049781832
2.109 0.261688808180735
3.102 0.4006907621139914
1.812 0.15302422597617155
3.687 0.7017418848427144
2.275 0.30495688110865343
7.379 1.2571867080679804
8.492 1.4421338533599806
9.799 1.6211858484023876
1.757 0.20422453749712008
6.81 1.1695590127439481
3.47 0.5603058481060845
7.309 1.089227368862622
3.166 0.4105762256010539
3.662 0.5039636807267897
4.104 0.7641880993503402
3.301 0.5921691196119852
2.963 0.5377756530442492
1.985 0.21591693733459516
2.954 0.5167068962066269
2.989 0.5215407897905526
4.239 0.7907504873818433
2.579 0.3957977986794429
5.205 1.017753469666913
4.865 0.9293862649473755
3.978 0.7965800802301661
3.943 0.7733208579350065
3.769 0.6980666159865043
1.49 0.11358735679224456
5.724 1.0185679134883412
2.143 0.2774474635617737
2.722 0.4819561218349834
1.982 0.2709773561508487
1.83 0.16730373009018523
1.648 0.12346235766821345
4.895 0.920423588792331
1.415 0.11690379139840341
1.971 0.3336914722460706
1.685 0.22844904631901572
2.232 0.3965107251329969
5.156 0.9610619242839592
5.056 0.9365058718251298
1.156 0.05918459595959595
6.631 1.0888794797259485
11.969 1.953701953528593
5.061 0.8341754230935683
2.436 0.41356126625188283
4.02 0.7782569099649437
2.97 0.5497769505084968
2.623 0.47552798565566584
3.36 0.5802313975393774
2.27 0.35554027948636246
4.057 0.7715072115300134
4.173 0.750234365916146
1.285 0.09772771994087784
3.014 0.46598575388376146
1.143 0.05165161993179235
2.114 0.3702334982994619
5.182 0.9325602639230114
1.231 0.07223676486115511
3.144 0.4528368889295613
3.435 0.5494894670645082
1.894 0.2493035976320653
3.342 0.6179258964848144
2.691 0.36801043029280234
1.376 0.12435001312327162
1.482 0.10162138394814253
2.647 0.42644863413385975
2.392 0.3816819854609069
2.05 0.2800064405672683
1.572 0.1422269292663639
1.857 0.1868131663974674
10.299 1.646785996122261
2.534 0.40427338194690227
2.94 0.3556272723746648
2.12 0.2583582659184631
2.061 0.2262907628213087
1.787 0.16930331745138247
3.984 0.6368033005333191
2.016 0.24609862281392642
3.112 0.49329581843723685
2.733 0.44834311602802596
6.959 1.2720597887381828
7.626 1.294529357501632
1.758 0.2008496468475513
6.73 1.1124155848109596
2.264 0.3690437736287024
1.793 0.19600780867709008
1.669 0.208081637927653
6.74 1.1971874750827427
1.453 0.08806427345154001
2.94 0.46838260153781863
10.323 1.724226332146841
2.626 0.4293920129845191
7.098 1.3063072360896653
3.876 0.7874732226067623
1.804 0.24609998015269746
2.479 0.3830335842116919
3.808 0.6584369915252208
2.571 0.3921910470942931
1.765 0.19098855138876225
1.873 0.28385076810679777
5.382 0.8748070766245692
3.678 0.589645281467723
8.625 1.5173471645914196
3.476 0.6323332027401687
2.182 0.29972923744990104
2.77 0.4129636824022657
8.019 1.3482759509411382
4.156 0.7043243291157574
1.728 0.16954598859240383
6.023 1.0802949745576336
2.775 0.45499861955458226
8.621 1.5094024614399262
3.627 0.4966530920289549
1.235 0.05919324894514768
2.047 0.2413055775448434
1.526 0.13564162170768132
11.518 1.8423630935873805
2.342 0.30421704996257676
2.002 0.21005591019305328
3.07 0.46289022337571667
1.782 0.21403425059417708
1.615 0.12181210058097312
6.658 1.1030034703371208
7.665 1.332406634811338
4.555 0.7577144657693199
2.369 0.31818121741703803
8.966 1.5269356843519186
1.944 0.25698567253711396
7.804 1.3934809808288893
8.59 1.5002105219008284
5.859 1.0488770919819141
3.628 0.6112396126810969
7.499 1.2814546035873977
3.106 0.505753680978162
4.052 0.5785106651095134
2.075 0.26289072156590304
4.944 0.9258395455770729
5.88 0.9587177101305593
2.738 0.44814185720581545
2.783 0.44152932047812476
2.435 0.4188618586088142
4.485 0.7941530438791008
2.966 0.48143240041335117
1.755 0.20095787531555104
2.949 0.4440896119069956
3.486 0.6403243931466331
1.938 0.2829650663333431
1.93 0.24911452937318748
2.415 0.4057814037551729
2.58 0.4349950802119686
3.849 0.7108642454841603
1.639 0.1984348459552592
2.773 0.45294810732044444
1.276 0.07128965201465202
1.121 0.04987161084529506
2.165 0.3187431049460252
1.081 0.03468333333333334
1.283 0.0632223597359736
1.669 0.1948687937086595
2.501 0.358531394917735
2.539 0.4136459156767646
2.185 0.3648523064374905
2.555 0.38142370662849817
2.932 0.41498496320947087
1.259 0.09076656907556342
1.282 0.11509055829228244
1.138 0.05654303751803751
3.745 0.656250975261844
1.991 0.265643920081017
2.272 0.26059397166353043
3.185 0.554133973691645
5.027 0.8318736888829523
2.489 0.4066133932065598
1.075 0.03373717948717949
2.186 0.2843180473260162
1.326 0.08394983089589253
2.556 0.45505130785505093
1.423 0.12520638655462185
2.545 0.35808158937683077
5.668 0.8281139192970444
5.664 0.9009826656799715
3.091 0.46871797443262797
2.45 0.22100128084173906
2.921 0.38968546784693875
3.209 0.40320459556581734
4.104 0.6252973244245139
5.086 0.768173722314546
6.547 1.026432430574435
5.646 0.9027461106896666
2.863 0.3061163482402572
2.125 0.2804476680170141
1.46 0.12573418675151532
5.061 0.9147504617126173
1.893 0.2047227203717317
4.343 0.7160537847282548
3.62 0.605929675962448
3.562 0.5440785383958738
3.056 0.49445464565181274
8.24 1.4583903898489932
3.425 0.5936093545862435
5.449 0.8868205508637833
5.016 0.8490638974302
1.795 0.2087311341204962
1.477 0.13330837563656783
2.493 0.3224457864177664
1.451 0.10038254602682742
2.521 0.43242786628349744
2.492 0.40312472653792564
1.49 0.10254065797725227
3.146 0.5379499121361367
3.447 0.4764324316331511
1.75 0.1767211246059711
1.317 0.10855843340234644
2.843 0.4591878707851946
3.487 0.4197816311942858
4.732 0.8654577101031006
2.925 0.3574664742114903
1.84 0.16462471339670798
4.028 0.5453221444657486
1.789 0.1599565717527622
1.505 0.13264046678710087
1.389 0.11945836497967229
1.206 0.08073297619047619
1.575 0.12733616918455945
1.804 0.2037303853907063
6.516 1.1957507281058346
3.304 0.4978279118323838
2.304 0.32839348855571077
1.283 0.07309276320724055
4.991 0.8643765871318978
4.529 0.7403166585906997
3.319 0.5121881088924228
3.925 0.7010272699402543
6.044 1.01108046379259
3.419 0.5004824376306993
3.126 0.47292309824335355
6.537 1.1559251378975808
3.17 0.533085897607036
2.261 0.3710765011775625
2.511 0.4149188697597153
2.803 0.3823589270204658
1.582 0.1790299301709131
3.014 0.47932557272007636
4.274 0.6829905035977331
3.107 0.5781856778689841
3.248 0.5591587576394342
2.08 0.24012314722080474
5.035 0.9630464935094561
2.643 0.42425996567705865
5.107 0.9147416734491924
2.423 0.35409837177600517
2.575 0.2890500744474491
1.848 0.1885524030275799
3.47 0.5497295243041453
1.306 0.11904250934250935
1.246 0.05947142857142858
1.791 0.26228922615521794
3.154 0.455012351053633
2.836 0.39375623088197464
2.905 0.42906755905488564
1.698 0.16709963774029238
2.752 0.42672942762665855
8.092 1.3391411212164879
7.821 1.3565843160333333
9.042 1.565946820901818
1.952 0.23169548667621206
1.694 0.22993053593425547
5.913 1.031012209436242
6.918 1.1972705325061475
2.34 0.3843491346477708
1.301 0.09700981508078772
1.17 0.07824523809523808
1.5 0.15659328537806796
1.657 0.18122858768911398
3.576 0.5037526205912227
2.486 0.37784775344058086
1.575 0.14126054842935332
1.57 0.16240982124901243
1.516 0.131147877099197
2.725 0.42070677725946365
3.168 0.4778682182001244
4.874 0.8027419676208524
4.084 0.7102472462938778
3.459 0.6172276525632268
3.142 0.571255784637527
2.89 0.4589605513380222
3.981 0.690768407822817
2.521 0.31773885978578653
3.367 0.5496853795843744
1.21 0.05820026954177898
1.923 0.2775067328151221
2.007 0.2528536585577608
1.641 0.20219896450755906
1.732 0.25803096447089957
7.7 1.3430093177571645
3.675 0.6991679083803611
1.156 0.04845376676986585
1.076 0.0286875
1.113 0.046600045787545785
2.892 0.482948585172551
2.032 0.2579278735497788
1.659 0.11772670621438369
1.527 0.1535114792403122
2.942 0.5583903076829945
1.891 0.2059981924430621
3.936 0.5982261851914142
1.487 0.13334063165082355
3.801 0.7249443228014498
2.851 0.5130782115323802
1.524 0.18505149833909657
3.291 0.5139577460433582
2.021 0.25091736916050295
1.656 0.2210924284554397
7.058 1.2617646403955993
1.552 0.14224730125760585
2.542 0.2682594044305097
1.931 0.22695499765928526
1.765 0.14886104022822674
6.425 1.088710938275049
4.239 0.5454373904334848
1.205 0.056605194805194804
2.698 0.4510017114755481
3.835 0.7105808624712493
1.237 0.07126712221601927
5.384 0.8936981540937633
1.772 0.1957732685827137
5.638 0.9707421629219026
1.719 0.15522130790651495
3.299 0.46462011094669414
1.536 0.09943783661360629
3.643 0.5499560846886888
2.848 0.4485571455329388
2.149 0.26510037057004215
2.668 0.3945750202547977
2.361 0.2760301924234935
2.064 0.2535701475248786
2.037 0.2657079799649254
1.593 0.1508728213975419
1.384 0.08667266119137483
1.537 0.14536257952501797
2.419 0.32007247509824965
1.355 0.09139060959147335
1.42 0.11425499203083443
1.083 0.037649999999999996
2.316 0.35821279492691027
1.662 0.14559559978701578
2.757 0.4926641436903605
3.607 0.6337639764920424
2.335 0.3086949699050171
3.026 0.44375887260465857
2.409 0.3469697045081158
2.123 0.22849253706082856
1.83 0.16360308628839443
1.788 0.18045408970198615
3.263 0.5632726854380758
2.04 0.304931747250035
1.795 0.248325047111989
2.863 0.5001014453475113
1.641 0.15787929906524525
2.42 0.37191256389126304
2.291 0.3780273045985961
1.353 0.12450654345654348
2.935 0.556105069001102
1.925 0.26898480913213246
1.631 0.15165538093134495
2.848 0.4226829366736946
1.158 0.06525892857142856
2.081 0.2610523679560624
1.426 0.1141122413207707
2.245 0.30553053231299326
1.071 0.03335912698412699
4.137 0.7062660869506749
2.833 0.45582211486799074
1.567 0.14684907499079494
3.444 0.6239871960466056
1.832 0.2355748174387119
2.508 0.3722956210282044
1.333 0.11178608298770572
2.549 0.4470555317334426
1.447 0.13289192214746864
1.309 0.10241919605259757
1.215 0.0674460236060236
2.159 0.2673338364608285
1.21 0.06057716933338426
2.238 0.3686156963146671
2.401 0.4645375512143473
3.292 0.6341249219906474
3.082 0.6174677033542676
1.261 0.07875440411137133
2.452 0.3412010796701693
1.185 0.058520490801912094
2.477 0.41699644948559994
1.875 0.18617191905009986
2.174 0.34468441166274894
1.339 0.06533389346949199
1.415 0.09730887627305207
1.286 0.07735778923238447
3.868 0.6562819463422327
2.426 0.42454637687753755
2.987 0.42120327666754065
1.157 0.05400075757575757
1.774 0.15266338014648403
1.875 0.24470352156186734
1.334 0.12081459553518378
1.868 0.1991192111993656
1.216 0.06014094620109685
2.907 0.5300404265229665
2.508 0.43547465427809146
3.727 0.5976706726905633
1.708 0.21379643550496089
2.448 0.39379901261673556
1.331 0.09428497077124078
2.574 0.3675701651614679
1.878 0.2651339038346318
1.275 0.0858401293151293
1.628 0.15678419730484208
2.072 0.2729092168643391
1.926 0.24831019923928466
1.33 0.12248330621556995
1.775 0.25559371974895495
1.928 0.2593881240114944
1.455 0.1082142282642774
5.525 0.9655775809705893
5.234 0.954994570292655
5.322 0.9741614061923312
4.666 0.8827508404305914
6.179 1.0374497042182478
2.796 0.48045858292261456
4.234 0.6965899202817909
3.419 0.5832586566025723
4.859 0.8604953768621786
3.069 0.4369541736467955
2.807 0.4866686182104176
4.978 0.820974479604329
3.668 0.6558841929787128
1.057 0.027785714285714285
1.655 0.1930402825599275
1.394 0.13468209875059425
1.477 0.17474551682235887
1.288 0.05333259783121169
2.268 0.373200217149853
1.449 0.17326441093993725
1.891 0.28239437961697506
2.944 0.40517482966643703
1.143 0.057786363636363636
2.592 0.4344142761192804
3.149 0.5704351212459172
1.388 0.10753990741111463
1.975 0.29643831905961354
1.298 0.12071798398733881
2.612 0.4184030202547098
1.591 0.1414551121451232
2.879 0.3645082268352794
2.122 0.2586697420455472
1.551 0.09942305580839686
1.463 0.11366893444876418
1.057 0.028166666666666666
1.809 0.21136029527286262
3.283 0.5320391391532301
2.512 0.28497445385043485
2.399 0.3254412437910686
2.236 0.3209386833085988
1.858 0.26843081904491184
1.519 0.16040822444831593
1.804 0.1699196778595819
1.317 0.1019750333000333
1.845 0.2439606437147356
2.275 0.3113936671449059
2.228 0.30317573063873166
1.613 0.16491536852916375
2.334 0.34570347328714035
1.629 0.17867056153204175
1.215 0.07107137736815156
1.688 0.21086730980366983
2.333 0.3398597744720704
1.997 0.2651438949360328
2.165 0.26383884557994974
1.366 0.08678090745461435
3.13 0.5074874946860507
1.771 0.22341548306459175
1.855 0.23820629473082186
1.581 0.18867738273656523
1.916 0.22550972229511212
4.11 0.6929734511159745
2.838 0.43621816566065524
1.174 0.05659713678134731
1.166 0.06023667582417582
1.085 0.03911111111111112
2.209 0.3445769487640976
1.688 0.17768786540458142
2.295 0.3383809579534923
3.149 0.5388451267814431
2.903 0.47275516611011825
1.651 0.1294962398841924
1.501 0.10514211724178403
2.721 0.4741047227003624
3.246 0.5408791107229803
1.398 0.08806910839955699
1.948 0.22581956775965134
1.971 0.24492567251474517
2.389 0.35417019653777665
1.751 0.23273115677429201
1.547 0.11715033220088857
2.251 0.28114059824600585
1.272 0.07447546251217138
1.418 0.12613877111450641
1.785 0.24967631972535342
1.716 0.1809669494999416
1.492 0.10442924353743063
1.38 0.09802648473530826
1.251 0.0747763067969731
1.152 0.04657099334357398
1.948 0.22486520044878475
2.448 0.30699428471237566
3.067 0.5241131444351551
1.268 0.08134483363858362
1.759 0.23085412546753822
1.5 0.1855642218237406
1.868 0.2556109099759099
3.077 0.5095701463155197
1.96 0.23248339656657815
3.065 0.5261082987906479
1.295 0.10304110955981138
1.899 0.27744578480964005
2.352 0.27523161505920263
1.929 0.2605832823976089
1.407 0.14047484899564547
1.641 0.1716417751132073
1.647 0.23480186327561323
1.187 0.05620555555555556
1.861 0.27289245682163793
1.772 0.19919063141280685
1.34 0.12259167544167544
3.104 0.602518042776821
2.49 0.42178977013738583
1.187 0.07341221741221741
1.279 0.09333485209321123
1.468 0.14160002553875672
1.443 0.09508132780890134
2.338 0.3752278745192759
1.661 0.19684006427690284
1.742 0.23603285988103775
1.616 0.2431352769566324
2.239 0.39629159510798867
1.776 0.13881169965824375
2.142 0.3035378584028188
1.329 0.10698059163059162
2.066 0.31552116912700245
2.256 0.2982653347699482
1.536 0.1666056287239982
1.496 0.12232197316365638
1.892 0.23434627810378325
1.621 0.16003452605679205
1.177 0.05944647829647829
1.303 0.11180205627705628
1.32 0.11878558598264481
1.135 0.047021089156383276
1.418 0.14620526287438054
1.962 0.2933217295422177
1.23 0.07800578898225957
1.533 0.1595004718681278
1.821 0.26534940714253014
1.55 0.18698849228686695
1.454 0.13963018244741154
2.169 0.32391339113332274
1.311 0.10852031869097085
1.198 0.045451572327044026
1.143 0.05248333333333333
1.54 0.12286056970294885
1.447 0.11101357460871192
1.606 0.19999852454725017
1.32 0.09652462294327618
2.239 0.33783017244951474
2.556 0.4757376624911427
1.365 0.1361038033395176
1.554 0.20190318262211646
2.167 0.3333213842067128
1.636 0.2538978563103563
1.251 0.06802463617134862
1.948 0.23748645715419847
1.456 0.11757410113541851
2.422 0.4021868457212397
1.296 0.07753429649289181
1.575 0.21117993811743807
1.346 0.12798275096363332
1.27 0.09651825396825399
1.124 0.059833333333333336
1.197 0.09005952380952381
2.708 0.3686657429529038
1.448 0.11909087025640197
1.053 0.0265
1.619 0.22071693482443475
1.463 0.17405055990432705
1.476 0.10189980810033462
1.05 0.025
1.175 0.053153221288515407
1.296 0.12267078754578753
1.201 0.07511654135338347
1.711 0.15748493346057743
1.317 0.11382108446249313
1.784 0.2277248928586898
1.514 0.1222948162910099
1.071 0.034928571428571434
1.272 0.08725321331784747
1.709 0.19191269013216664
2.775 0.501397027163967
1.724 0.20642695019337193
2.557 0.4733861752111112
1.986 0.29183766632120955
1.461 0.09917055080272644
1.126 0.04207575757575758
1.616 0.1610914045603519
1.432 0.1083949940885987
1.522 0.14785756525518712
1.153 0.05295229468599034
1.278 0.0848509027657984
1.762 0.29043563381063375
1.5 0.12069580180839812
1.398 0.16179007936507936
1.174 0.06664345238095239
1.215 0.06421308413808414
1.184 0.05999888010540185
1.459 0.15896195661039067
1.111 0.046129140786749484
1.151 0.06659188034188034
1.291 0.13041944444444445
1.161 0.06227789115646259
1.166 0.07227398741105637
1.38 0.11548507094307778
1.052 0.026
1.129 0.05478856209150327
1.249 0.048196059379161174
1.24 0.08378813131313131
1.296 0.08989483734242205
1.188 0.07769579744579744
1.489 0.15667819016657356
2.253 0.39977151338382466
1.09 0.0370952380952381
1.437 0.1310836535808553
1.19 0.06642814407814407
1.192 0.0603373949579832
1.103 0.036770833333333336
1.063 0.03116666666666667
1.88 0.3089002334475051
1.115 0.039700000000000006
1.175 0.05658939393939394
1.084 0.04041666666666666
1.155 0.059615569337782955
1.221 0.05757747208931419
1.134 0.05248952991452991
1.745 0.25148178469553145
1.123 0.05673382352941177
1.11 0.047244230769230774
1.07 0.03335357142857143
1.216 0.06824867909867909
1.232 0.07618251393301456
1.048 0.0238
1.282 0.0710266435560919
1.134 0.049958138238573015
1.064 0.030876923076923076
1.1 0.03633571428571429
1.119 0.0563102564102564
1.188 0.05030564148485835
1.169 0.03948165137614679
1.083 0.03997023809523809
1.171 0.051411088709677415
1.091 0.04202698412698413
1.073 0.03605
1.059 0.0281
1.071 0.03491666666666667
1.068 0.034
1.05 0.025
