
1.391 0.17329523809523806
1.328 0.15195000000000003
1.465 0.20137261904761897
1.328 0.14573928571428574
1.126 0.060566666666666664
1.24 0.11325
1.323 0.14448333333333332
1.096 0.046375
1.271 0.12077987012987017
1.372 0.1648952380952381
1.24 0.10950000000000003
1.213 0.09976666666666667
1.318 0.14215000000000003
1.447 0.19471666666666665
1.246 0.11330476190476191
1.666 0.2764142857142856
1.082 0.04033333333333334
1.229 0.10831666666666669
1.327 0.15153095238095238
1.182 0.08731666666666667
1.542 0.2322849206349205
1.216 0.10208333333333335
1.648 0.27234523809523803
1.506 0.22156587301587286
1.254 0.11583333333333336
1.042 0.021
1.261 0.11870000000000004
1.117 0.056016666666666666
1.098 0.047666666666666656
1.335 0.14914047619047618
1.273 0.12733333333333335
1.05 0.02291666666666667
1.107 0.05126666666666666
1.257 0.1205404761904762
1.018 0.0085
1.014 0.0070
1.012 0.0060
1.299 0.14196666666666663
1.383 0.17384285714285713
1.364 0.15869761904761903
1.617 0.2591873015873014
1.677 0.27733961038961025
1.144 0.06648571428571429
1.223 0.10313333333333334
1.398 0.1751833333333333
1.475 0.2057285714285714
1.091 0.04324999999999999
1.136 0.06239999999999999
1.479 0.20169285714285703
1.315 0.13923095238095237
1.282 0.13162619047619045
1.457 0.19888333333333327
1.02 0.00975
1.446 0.19410476190476184
1.183 0.08755
1.442 0.19657619047619043
1.298 0.13621190476190478
1.388 0.16979047619047616
1.233 0.10627738095238098
1.041 0.020166666666666663
1.125 0.06066666666666667
1.358 0.16340000000000002
1.12 0.059
1.223 0.10611666666666669
1.208 0.09941666666666668
1.225 0.10545000000000002
1.161 0.07503333333333333
1.2 0.09358333333333332
1.368 0.16411666666666666
1.318 0.15016666666666667
1.147 0.07251666666666666
1.44 0.195892857142857
1.238 0.11238333333333336
1.219 0.1019388888888889
1.151 0.07260000000000001
1.56 0.24873571428571412
1.08 0.0395
1.143 0.06855
1.159 0.07578333333333334
1.315 0.13978333333333337
1.274 0.1269666666666667
1.309 0.1453166666666667
1.056 0.0275
1.241 0.10968333333333334
1.252 0.11420000000000004
1.125 0.061399999999999996
1.071 0.0346
1.156 0.07231666666666668
1.113 0.05396666666666667
1.252 0.11635000000000002
1.161 0.07683333333333332
1.16 0.0774
1.217 0.10268333333333333
1.31 0.14373333333333332
1.073 0.035666666666666666
1.093 0.04591666666666666
1.033 0.01587142857142857
1.058 0.02766666666666667
1.049 0.02425
1.028 0.014
1.151 0.06889523809523809
1.04 0.02
1.068 0.0325
1.221 0.10117857142857145
1.933 0.3707500000000005
1.335 0.1506666666666667
1.238 0.11078809523809525
1.086 0.04125
1.023 0.0111
1.118 0.05708333333333333
1.011 0.0055
1.247 0.1125666666666667
1.156 0.07366666666666666
1.06 0.03
1.185 0.08691666666666667
1.581 0.24761428571428556
1.205 0.09641666666666665
1.116 0.056499999999999995
1.124 0.06015000000000001
1.371 0.16861666666666658
1.156 0.07436666666666665
1.179 0.08559047619047619
1.043 0.020399999999999998
1.202 0.09621666666666667
1.133 0.06375
1.028 0.014
1.192 0.09131666666666666
1.437 0.19021666666666665
1.102 0.048058333333333335
1.121 0.057138888888888885
1.243 0.1128666666666667
1.122 0.05941666666666666
1.157 0.07526666666666665
1.44 0.1932928571428571
1.494 0.2094142857142856
1.179 0.086
1.378 0.1735773809523809
1.068 0.033416666666666664
1.03 0.015
1.408 0.18569999999999992
1.099 0.049166666666666664
1.249 0.11013939393939395
1.378 0.17051666666666668
1.078 0.03799999999999999
1.249 0.11580000000000001
1.328 0.14889523809523808
1.282 0.12993333333333337
1.144 0.06975
1.153 0.07253333333333332
1.286 0.13020000000000004
1.023 0.01125
1.358 0.16383333333333322
1.155 0.07175
1.03 0.015
1.209 0.09808333333333334
1.06 0.03
1.122 0.05991666666666667
1.137 0.06529999999999998
1.05 0.02425
1.046 0.022
1.12 0.056666666666666664
1.151 0.07166666666666667
1.108 0.05299999999999999
1.074 0.0355
1.147 0.0715
1.121 0.05833333333333333
1.091 0.0441
1.176 0.08283333333333334
1.074 0.03581666666666666
1.067 0.0325
1.034 0.0165
1.06 0.03
1.026 0.013
1.066 0.0325
1.014 0.0070
1.222 0.09985000000000001
1.047 0.022850000000000002
1.069 0.03326666666666667
1.072 0.034083333333333334
1.024 0.012
1.121 0.05723333333333333
1.333 0.15404285714285715
1.456 0.19624285714285708
1.12 0.058416666666666665
1.333 0.1559666666666667
1.155 0.07376666666666666
1.113 0.053266666666666664
1.15 0.07019999999999998
1.2 0.09390000000000001
1.09 0.04270833333333333
1.161 0.07665952380952383
1.14 0.06608333333333333
1.249 0.11551666666666668
1.238 0.11420000000000004
1.078 0.03653333333333334
1.565 0.24070833333333316
1.194 0.08952500000000001
1.376 0.17426666666666663
1.183 0.08704761904761907
1.325 0.14832857142857142
1.404 0.1857738095238095
1.165 0.07943333333333334
1.205 0.09645
1.477 0.20544999999999994
1.404 0.18016666666666667
1.408 0.18283333333333332
1.207 0.09976666666666668
1.18 0.08391666666666667
1.082 0.039450000000000006
1.308 0.14032738095238093
1.208 0.0982047619047619
1.327 0.14811666666666665
1.299 0.1357666666666667
1.318 0.14361190476190477
1.329 0.15284999999999999
1.193 0.08973809523809523
1.132 0.06315
1.321 0.14712380952380955
1.354 0.1605777777777778
1.095 0.045399999999999996
1.148 0.07068571428571428
1.184 0.08783333333333333
1.09 0.04433333333333333
1.11 0.05333333333333333
1.029 0.0145
1.02 0.01
1.228 0.10698333333333335
1.128 0.06216666666666666
1.04 0.018616666666666667
1.155 0.07356666666666667
1.142 0.0669
1.025 0.0119
1.555 0.23539761904761886
1.068 0.034
1.188 0.08727380952380953
1.029 0.0135
1.346 0.1570166666666667
1.201 0.09280000000000001
1.244 0.11416190476190477
1.208 0.09608333333333335
1.351 0.16119999999999995
1.052 0.026
1.331 0.151852380952381
1.081 0.03963333333333333
1.157 0.07283333333333335
1.154 0.073
1.037 0.0185
1.172 0.08266666666666667
1.026 0.0124
1.144 0.06948809523809524
1.169 0.0786952380952381
1.099 0.04693333333333332
1.008 0.00375
1.182 0.08618333333333332
1.22 0.10072619047619048
1.155 0.07283333333333333
1.132 0.06318333333333333
1.056 0.027333333333333334
1.232 0.10848809523809526
1.105 0.051333333333333335
1.017 0.00825
1.055 0.02725
1.163 0.07258030303030304
1.078 0.03816666666666666
1.091 0.04441666666666667
1.069 0.03317857142857143
1.209 0.09861666666666666
1.312 0.1436666666666667
1.319 0.14306666666666668
1.184 0.08683333333333333
1.286 0.13081666666666672
1.043 0.021
1.058 0.0286
1.341 0.15474999999999997
1.165 0.0781
1.16 0.07616666666666669
1.08 0.03858333333333334
1.125 0.06074999999999999
1.118 0.05556666666666667
1.129 0.061999999999999986
1.018 0.00875
1.26 0.12056666666666671
1.03 0.014166666666666666
1.255 0.11776666666666667
1.093 0.04426666666666667
1.085 0.04151666666666667
1.248 0.11666666666666671
1.041 0.019666666666666666
1.256 0.12045000000000002
1.128 0.06013333333333333
1.153 0.07139999999999999
1.042 0.019892857142857143
1.164 0.07791666666666668
1.014 0.006549999999999999
1.063 0.030499999999999996
1.068 0.034
1.109 0.0535
1.089 0.04283333333333333
1.427 0.1932833333333333
1.13 0.062416666666666655
1.082 0.04016666666666667
1.023 0.011166666666666667
1.316 0.1452166666666667
1.037 0.018
1.162 0.07903333333333334
1.153 0.07358333333333333
1.097 0.04408333333333333
1.233 0.11033333333333335
1.054 0.026666666666666665
1.046 0.023
1.083 0.041100000000000005
1.114 0.05433333333333333
1.191 0.09141666666666669
1.212 0.09909999999999998
1.086 0.042166666666666665
1.368 0.1644238095238095
1.119 0.05775
1.012 0.0060
1.023 0.01125
1.058 0.0285
1.265 0.12313333333333333
1.286 0.13128333333333334
1.116 0.054758333333333326
1.122 0.05895833333333333
1.13 0.0599
1.057 0.02766666666666667
1.281 0.12921904761904765
1.11 0.050840476190476186
1.272 0.1260904761904762
1.124 0.06093333333333334
1.301 0.13798333333333335
1.507 0.221495238095238
1.637 0.2638964285714284
1.161 0.07683888888888887
1.244 0.1132547619047619
1.146 0.06910000000000001
1.147 0.06953333333333334
1.16 0.07510000000000001
1.282 0.12656666666666672
1.256 0.11584761904761907
1.395 0.18001666666666666
1.026 0.013
1.064 0.030285714285714284
1.185 0.08939285714285714
1.021 0.0101
1.128 0.06181666666666666
1.151 0.0699722222222222
1.091 0.04423333333333333
1.078 0.03808333333333333
1.069 0.03425
1.204 0.09766666666666668
1.167 0.07821666666666667
1.161 0.07505833333333334
1.5 0.21334166666666657
1.484 0.21538333333333315
1.394 0.1750166666666666
1.079 0.03841666666666666
1.238 0.11110476190476194
1.056 0.02733333333333333
1.043 0.021166666666666667
1.256 0.11448571428571429
1.191 0.08961666666666666
1.144 0.0701
1.137 0.06383333333333333
1.106 0.05275
1.053 0.0255
1.374 0.1629
1.253 0.11641904761904763
1.149 0.06891666666666665
1.092 0.045166666666666674
1.144 0.06948333333333333
1.16 0.07733333333333334
1.131 0.06275
1.015 0.0070999999999999995
1.063 0.0305
1.368 0.16405
1.107 0.05125
1.494 0.21775476190476184
1.067 0.03316666666666667
1.117 0.05533333333333333
1.279 0.1292166666666667
1.225 0.10339166666666666
1.153 0.07206666666666667
1.324 0.14755909090909092
1.172 0.08041666666666668
1.15 0.07051666666666666
1.162 0.07768333333333334
1.149 0.069725
1.355 0.15978571428571428
1.364 0.16618214285714283
1.118 0.05669999999999999
1.214 0.09930833333333335
1.358 0.15797142857142854
1.02 0.0095
1.117 0.05447619047619048
1.431 0.19335714285714278
1.106 0.050800000000000005
1.098 0.04791666666666667
1.151 0.07055
1.156 0.07318333333333334
1.273 0.12457857142857144
1.114 0.05335952380952381
1.096 0.04766666666666666
1.213 0.10073333333333336
1.056 0.02691666666666667
1.055 0.02575
1.155 0.0754
1.135 0.06458333333333333
1.22 0.10241666666666668
1.249 0.11536666666666669
1.102 0.05
1.148 0.0712
1.26 0.12225714285714284
1.134 0.06341666666666666
1.273 0.12414444444444447
1.134 0.06475952380952381
1.097 0.04791666666666666
1.143 0.06799999999999999
1.088 0.04238333333333333
1.196 0.09091666666666669
1.05 0.025
1.106 0.05065
1.064 0.03095
1.01 0.0050
1.136 0.06627380952380951
1.104 0.04961904761904761
1.226 0.10526666666666666
1.043 0.02125
1.394 0.17266904761904758
1.145 0.06851111111111112
1.171 0.08173333333333332
1.141 0.06666666666666665
1.094 0.04591666666666667
1.41 0.18408333333333332
1.068 0.0335
1.046 0.0225
1.111 0.053566666666666665
1.153 0.07254166666666667
1.248 0.11450000000000003
1.045 0.0225
1.146 0.06849999999999999
1.048 0.022214285714285714
1.178 0.08551666666666667
1.129 0.0628
1.128 0.06246666666666667
1.315 0.14539999999999997
1.151 0.07366666666666669
1.037 0.01825
1.033 0.0165
1.026 0.01275
1.128 0.06099999999999999
1.303 0.1371666666666667
1.061 0.029666666666666668
1.351 0.15218809523809526
1.097 0.04663333333333333
1.122 0.059166666666666666
1.154 0.07205000000000002
1.204 0.09472857142857141
1.108 0.052333333333333336
1.341 0.15353333333333333
1.049 0.0232
1.086 0.04176666666666667
1.022 0.011
1.16 0.07666666666666667
1.058 0.028666666666666663
1.248 0.11425833333333336
1.225 0.10610000000000003
1.365 0.16016666666666668
1.027 0.0135
1.196 0.09300000000000001
1.087 0.04225
1.131 0.06043333333333333
1.046 0.0224
1.052 0.024833333333333332
1.142 0.06815
1.135 0.06620000000000001
1.131 0.062466666666666656
1.024 0.01175
1.118 0.05616666666666666
1.124 0.060916666666666675
1.181 0.0870666666666667
1.074 0.036416666666666674
1.305 0.13923333333333332
1.192 0.0923
1.167 0.07937857142857144
1.168 0.08025000000000002
1.128 0.0626
1.005 0.0025
1.197 0.09114761904761905
1.05 0.023816666666666667
1.103 0.04991666666666667
1.036 0.01725
1.022 0.010150000000000001
1.015 0.00725
1.237 0.1099666666666667
1.026 0.013
1.08 0.03876666666666667
1.065 0.03183333333333334
1.08 0.03866666666666666
1.224 0.10391666666666668
1.202 0.09483333333333334
1.01 0.0050
1.163 0.07601666666666668
1.385 0.17232857142857141
1.118 0.056833333333333326
1.084 0.039200000000000006
1.179 0.08578333333333335
1.134 0.06541666666666666
1.107 0.05133333333333333
1.088 0.042166666666666665
1.051 0.025
1.166 0.07958333333333335
1.141 0.06816666666666665
1.016 0.0080
1.07 0.03416666666666667
1.013 0.0065
1.078 0.039
1.146 0.06799999999999999
1.015 0.0075
1.078 0.038
1.1 0.048666666666666664
1.044 0.022
1.138 0.06611666666666666
1.04 0.018666666666666665
1.022 0.011
1.021 0.0101
1.07 0.034133333333333335
1.078 0.03783333333333334
1.069 0.03375
1.021 0.0105
1.027 0.013099999999999999
1.28 0.13253333333333334
1.075 0.03515000000000001
1.054 0.02535
1.024 0.012
1.03 0.015
1.01 0.0050
1.115 0.05356666666666666
1.042 0.0205
1.081 0.038766666666666665
1.063 0.0315
1.187 0.09041666666666669
1.276 0.1261666666666667
1.024 0.012
1.219 0.09975000000000002
1.071 0.0337
1.019 0.009166666666666667
1.042 0.02016666666666667
1.26 0.12201666666666669
1.014 0.0070
1.079 0.03866666666666666
1.364 0.16390000000000005
1.088 0.041683333333333336
1.319 0.14513333333333336
1.155 0.07239999999999999
1.056 0.02732142857142857
1.086 0.04166666666666667
1.093 0.04616666666666666
1.05 0.02475
1.043 0.0215
1.08 0.03824999999999999
1.167 0.07622857142857142
1.092 0.043133333333333336
1.414 0.18388809523809518
1.119 0.056066666666666654
1.056 0.02708333333333333
1.061 0.030166666666666665
1.253 0.11806666666666671
1.087 0.0435
1.035 0.0166
1.209 0.09829047619047619
1.089 0.04233333333333333
1.332 0.1509
1.059 0.02885
1.013 0.0065
1.026 0.013
1.022 0.01075
1.45 0.19734285714285713
1.057 0.02785
1.024 0.011800000000000001
1.063 0.03083333333333333
1.043 0.02105
1.011 0.0055
1.189 0.08957857142857144
1.274 0.12868333333333334
1.115 0.05573333333333333
1.038 0.01875
1.359 0.16305000000000003
1.039 0.018107142857142856
1.286 0.13070000000000004
1.287 0.13133888888888887
1.162 0.07858333333333332
1.106 0.04991666666666667
1.215 0.10366666666666667
1.099 0.04866666666666667
1.107 0.04783333333333333
1.05 0.0246
1.197 0.09288333333333335
1.171 0.08325000000000002
1.063 0.0315
1.08 0.03933333333333334
1.085 0.04075
1.149 0.07133333333333333
1.081 0.039035714285714285
1.038 0.019
1.057 0.026583333333333334
1.156 0.07425
1.077 0.03816666666666666
1.045 0.022166666666666664
1.1 0.04657380952380953
1.084 0.04041666666666666
1.17 0.08033333333333333
1.03 0.015
1.099 0.0485
1.011 0.0055
1.01 0.0050
1.045 0.0225
1.02 0.01
1.017 0.0085
1.029 0.0145
1.068 0.03366666666666667
1.085 0.042
1.068 0.033666666666666664
1.071 0.034183333333333336
1.051 0.024916666666666663
1.021 0.0105
1.026 0.013
1.021 0.0105
1.106 0.0508
1.048 0.02341666666666667
1.031 0.015300000000000001
1.096 0.04566666666666666
1.11 0.053200000000000004
1.085 0.04158333333333333
1.015 0.0075
1.05 0.02475
1.013 0.0065
1.102 0.04966666666666666
1.018 0.0090
1.06 0.029666666666666664
1.137 0.0646952380952381
1.129 0.06208333333333334
1.086 0.040391666666666666
1.019 0.00835
1.085 0.038928571428571423
1.046 0.021916666666666668
1.096 0.045616666666666666
1.122 0.05921666666666667
1.14 0.06725
1.123 0.05921666666666666
1.025 0.012166666666666666
1.034 0.016266666666666665
1.014 0.0070
1.181 0.08483333333333333
1.024 0.01175
1.134 0.061816666666666666
1.116 0.055499999999999994
1.109 0.05216666666666667
1.099 0.04808333333333334
1.325 0.15015000000000003
1.117 0.05458333333333334
1.147 0.06933333333333333
1.141 0.06656904761904762
1.031 0.015333333333333334
1.023 0.0115
1.057 0.026792857142857143
1.012 0.0060
1.103 0.05065
1.073 0.03566666666666667
1.004 0.0020
1.124 0.059166666666666666
1.077 0.03766666666666667
1.028 0.014
1.02 0.00975
1.093 0.04508333333333333
1.035 0.0175
1.141 0.06793333333333333
1.037 0.017833333333333333
1.024 0.010416666666666666
1.076 0.036916666666666674
1.03 0.015
1.021 0.01025
1.016 0.00775
1.016 0.0080
1.015 0.006900000000000001
1.032 0.016
1.279 0.12640833333333337
1.08 0.03906666666666667
1.061 0.0305
1.024 0.011550000000000001
1.156 0.07212380952380952
1.129 0.05895238095238096
1.095 0.043954545454545454
1.132 0.06408333333333333
1.158 0.07407142857142857
1.076 0.03733333333333333
1.086 0.041333333333333326
1.214 0.09933333333333333
1.096 0.04766666666666667
1.083 0.040299999999999996
1.074 0.036083333333333335
1.067 0.032516666666666666
1.027 0.013
1.064 0.03108333333333333
1.117 0.05676666666666666
1.126 0.058954761904761906
1.122 0.05759523809523809
1.038 0.0185
1.183 0.0853
1.08 0.03933333333333334
1.209 0.09778333333333335
1.06 0.03
1.045 0.022
1.039 0.01875
1.083 0.041100000000000005
1.024 0.012
1.011 0.0055
1.053 0.02625
1.044 0.022
1.041 0.0205
1.08 0.04
1.005 0.0025
1.067 0.033166666666666664
1.267 0.12293333333333335
1.254 0.11843333333333335
1.3 0.14051666666666668
1.023 0.010966666666666666
1.055 0.027100000000000003
1.175 0.08379999999999999
1.224 0.10520000000000002
1.089 0.04325
1.032 0.01566666666666667
1.017 0.0085
1.038 0.0185
1.021 0.01025
1.057 0.027649999999999997
1.053 0.026166666666666668
1.025 0.01225
1.013 0.0065
1.012 0.0060
1.065 0.03216666666666666
1.061 0.030166666666666668
1.13 0.06141190476190476
1.123 0.05999999999999999
1.122 0.05783333333333333
1.108 0.05366666666666667
1.072 0.034
1.125 0.05928333333333333
1.043 0.0215
1.078 0.037316666666666665
1.012 0.0060
1.061 0.02925
1.049 0.02425
1.046 0.023
1.039 0.0195
1.241 0.11286666666666667
1.167 0.07791666666666665
1.015 0.0075
1.012 0.0060
1.01 0.0050
1.084 0.041133333333333334
1.025 0.0125
1.01 0.0050
1.033 0.015116666666666665
1.155 0.07454999999999999
1.029 0.0145
1.08 0.03875
1.032 0.016
1.145 0.06845
1.122 0.06066666666666667
1.038 0.019
1.082 0.03942380952380952
1.041 0.0205
1.033 0.0165
1.261 0.12258333333333338
1.025 0.0125
1.033 0.0165
1.046 0.02275
1.009 0.0045
1.178 0.08470238095238095
1.048 0.02375
1.006 0.0030
1.099 0.049166666666666664
1.128 0.06071666666666667
1.025 0.01205
1.131 0.06214999999999999
1.031 0.0155
1.165 0.07848333333333334
1.016 0.0074285714285714285
1.066 0.032100000000000004
1.017 0.0085
1.074 0.03583333333333333
1.097 0.04791666666666666
1.047 0.023
1.095 0.045
1.045 0.0225
1.029 0.0145
1.032 0.01575
1.021 0.0105
1.016 0.0080
1.016 0.0076
1.061 0.0303
1.012 0.0056
1.005 0.0025
1.011 0.0055
1.06 0.029416666666666667
1.02 0.01
1.141 0.06643333333333332
1.111 0.05341666666666666
1.043 0.020666666666666663
1.064 0.0315
1.065 0.032
1.016 0.007666666666666666
1.025 0.0125
1.024 0.012
1.093 0.04583333333333333
1.073 0.0365
1.042 0.020666666666666663
1.105 0.0506
1.025 0.0121
1.059 0.02808333333333333
1.081 0.040100000000000004
1.016 0.0080
1.134 0.06324999999999999
1.06 0.029333333333333336
1.022 0.011
1.064 0.03141666666666666
1.019 0.0095
1.051 0.0251
1.013 0.0065
1.07 0.03391666666666667
1.009 0.00425
1.115 0.056
1.092 0.04433333333333333
1.017 0.0085
1.135 0.06533333333333331
1.047 0.022583333333333334
1.067 0.0329
1.025 0.0125
1.095 0.04683333333333333
1.016 0.0080
1.017 0.0085
1.013 0.0065
1.059 0.02876666666666667
1.015 0.0075
1.072 0.035
1.13 0.06358333333333333
1.141 0.06666666666666665
1.127 0.06126666666666666
1.024 0.012
1.053 0.0265
1.014 0.00675
1.112 0.05516666666666667
1.048 0.023266666666666665
1.094 0.04323076923076923
1.016 0.0078
1.01 0.0050
1.007 0.0035
1.116 0.05468333333333333
1.083 0.040799999999999996
1.073 0.036166666666666666
1.015 0.0075
1.029 0.0128
1.037 0.0181
1.04 0.02
1.041 0.019399999999999997
1.007 0.0035
1.096 0.04766666666666667
1.083 0.040333333333333325
1.126 0.05949999999999999
1.048 0.0235
1.094 0.04533333333333334
1.013 0.0065
1.077 0.03751666666666666
1.068 0.0335
1.004 0.0020
1.022 0.01075
1.035 0.017166666666666667
1.042 0.021
1.035 0.0175
1.053 0.0265
1.038 0.018666666666666665
1.023 0.0115
1.204 0.09739999999999997
1.139 0.06676666666666667
1.119 0.057416666666666664
1.134 0.06407857142857142
1.143 0.06577142857142858
1.088 0.04245833333333333
1.144 0.06777499999999999
1.126 0.0585
1.168 0.07913333333333333
1.061 0.0296
1.108 0.052
1.12 0.057249999999999995
1.139 0.06709166666666667
1.007 0.0035
1.038 0.01875
1.049 0.024166666666666663
1.047 0.023166666666666665
1.008 0.0040
1.091 0.04449999999999999
1.041 0.020166666666666663
1.073 0.035633333333333336
1.049 0.02333333333333333
1.016 0.0080
1.085 0.04083333333333333
1.122 0.06
1.01 0.0050
1.063 0.030833333333333334
1.015 0.0075
1.098 0.04716666666666666
1.008 0.0040
1.039 0.018600000000000002
1.039 0.0195
1.018 0.0086
1.014 0.0070
1.012 0.0060
1.043 0.020916666666666667
1.084 0.04085714285714286
1.047 0.022916666666666665
1.051 0.023850000000000003
1.043 0.0215
1.067 0.032233333333333336
1.023 0.0115
1.021 0.0105
1.02 0.0094
1.03 0.015
1.059 0.028716666666666668
1.031 0.015166666666666667
1.036 0.01775
1.043 0.0215
1.014 0.0070
1.013 0.005900000000000001
1.049 0.024166666666666666
1.067 0.032
1.04 0.02
1.052 0.02445
1.015 0.0075
1.063 0.0315
1.041 0.02025
1.061 0.030166666666666665
1.04 0.0192
1.025 0.012166666666666666
1.139 0.06599999999999999
1.064 0.02887222222222222
1.006 0.0030
1.01 0.0050
1.012 0.0060
1.075 0.03683333333333333
1.026 0.013
1.059 0.029083333333333333
1.1 0.049083333333333326
1.078 0.036833333333333336
1.015 0.00725
1.014 0.0070
1.098 0.04758333333333333
1.101 0.049166666666666664
1.013 0.0065
1.04 0.019666666666666666
1.047 0.02275
1.053 0.0263
1.044 0.021666666666666667
1.012 0.0060
1.035 0.017166666666666663
1.024 0.01175
1.019 0.0095
1.049 0.023966666666666664
1.022 0.011
1.022 0.01075
1.015 0.0075
1.01 0.0050
1.008 0.0040
1.015 0.0075
1.029 0.0145
1.118 0.056600000000000004
1.011 0.0055
1.03 0.014666666666666668
1.044 0.022
1.065 0.0325
1.087 0.041833333333333333
1.046 0.02275
1.106 0.05133333333333333
1.031 0.0155
1.07 0.03341666666666667
1.042 0.020666666666666667
1.053 0.0265
1.05 0.024666666666666663
1.036 0.018
1.06 0.029666666666666668
1.008 0.0040
1.083 0.0415
1.022 0.011
1.026 0.013
1.172 0.08207142857142857
1.111 0.05458333333333333
1.021 0.0105
1.023 0.011166666666666667
1.035 0.0175
1.016 0.0080
1.07 0.0341
1.038 0.01805
1.053 0.02625
1.075 0.036
1.126 0.06033333333333333
1.011 0.0055
1.031 0.0155
1.023 0.0115
1.085 0.04158333333333333
1.058 0.029
1.046 0.023
1.013 0.00625
1.032 0.0155
1.021 0.0105
1.015 0.00725
1.026 0.012666666666666668
1.035 0.0175
1.016 0.0080
1.051 0.025166666666666664
1.075 0.037166666666666674
1.018 0.0090
1.021 0.0101
1.057 0.0285
1.034 0.017
1.047 0.02240909090909091
1.074 0.03445
1.031 0.01525
1.011 0.0055
1.011 0.0055
1.006 0.0030
1.032 0.016
1.044 0.0215
1.013 0.005666666666666667
1.06 0.02893333333333334
1.117 0.0575
1.033 0.016166666666666666
1.056 0.02766666666666667
1.062 0.030333333333333337
1.056 0.02766666666666667
1.01 0.0050
1.046 0.022416666666666665
1.008 0.0040
1.089 0.0431
1.012 0.0060
1.052 0.024833333333333332
1.029 0.0145
1.03 0.015
1.019 0.0095
1.019 0.0095
1.067 0.033
1.018 0.0090
1.009 0.0045
1.064 0.03166666666666667
1.047 0.02325
1.017 0.00825
1.01 0.0050
1.009 0.0045
1.027 0.0135
1.012 0.0060
1.017 0.0085
1.023 0.0115
1.043 0.021166666666666663
1.024 0.012
1.003 0.0015
1.021 0.0105
1.051 0.025166666666666667
1.126 0.06183333333333333
1.037 0.0185
1.116 0.055999999999999994
1.074 0.037
1.014 0.0070
1.01 0.0050
1.046 0.022416666666666665
1.02 0.01
1.019 0.0095
1.015 0.0075
1.008 0.0040
1.071 0.035166666666666666
1.016 0.0080
1.056 0.02716666666666667
1.015 0.0075
1.015 0.0075
1.005 0.0025
1.048 0.024
1.008 0.0040
1.021 0.0105
1.037 0.0185
1.024 0.011666666666666665
1.028 0.014
1.015 0.0075
1.013 0.0065
1.01 0.0050
1.006 0.0030
1.007 0.0035
1.025 0.012166666666666666
1.024 0.012
1.028 0.014
1.077 0.0385
1.01 0.0050
1.015 0.0075
1.011 0.0055
1.011 0.0055
1.008 0.0040
1.015 0.0075
1.1 0.049083333333333326
1.009 0.0045
1.015 0.0075
1.009 0.00425
1.018 0.0090
1.016 0.0080
1.012 0.0060
1.076 0.03775
1.021 0.0105
1.016 0.007125
1.004 0.0020
1.017 0.0085
1.009 0.0045
1.008 0.0040
1.015 0.0075
1.011 0.0055
1.009 0.0045
1.013 0.0065
1.022 0.011
1.012 0.0060
1.014 0.0070
1.008 0.0040
1.018 0.0090
1.017 0.0085
1.008 0.0040
1.01 0.0050
1.007 0.0035
1.009 0.0045
1.009 0.0045
