1--->956.05415--time-->176.729s
INSERT INTO 20000ca_HepPh1_greedy_4000_50_30_10_1 values (1,956.05415, '[9646]');
2--->1182.8077--time-->173.207s
INSERT INTO 20000ca_HepPh1_greedy_4000_50_30_10_1 values (2,1182.8077, '[4197, 9646]');
3--->1349.595--time-->195.804s
INSERT INTO 20000ca_HepPh1_greedy_4000_50_30_10_1 values (3,1349.595, '[4197, 4932, 9646]');
4--->1478.18595--time-->187.77s
INSERT INTO 20000ca_HepPh1_greedy_4000_50_30_10_1 values (4,1478.18595, '[6382, 4197, 4932, 9646]');
5--->1569.75125--time-->171.207s
INSERT INTO 20000ca_HepPh1_greedy_4000_50_30_10_1 values (5,1569.75125, '[6382, 4197, 4932, 2412, 9646]');
6--->1655.36295--time-->186.263s
INSERT INTO 20000ca_HepPh1_greedy_4000_50_30_10_1 values (6,1655.36295, '[6382, 4197, 4932, 2412, 9646, 9983]');
7--->1736.39495--time-->183.829s
INSERT INTO 20000ca_HepPh1_greedy_4000_50_30_10_1 values (7,1736.39495, '[6382, 4197, 4932, 2412, 2694, 9646, 9983]');
8--->1808.2182--time-->191.34s
INSERT INTO 20000ca_HepPh1_greedy_4000_50_30_10_1 values (8,1808.2182, '[6382, 10666, 4197, 4932, 2412, 2694, 9646, 9983]');
9--->1873.957--time-->185.847s
INSERT INTO 20000ca_HepPh1_greedy_4000_50_30_10_1 values (9,1873.957, '[6382, 10666, 4197, 3712, 4932, 2412, 2694, 9646, 9983]');
10--->1939.40605--time-->182.311s
INSERT INTO 20000ca_HepPh1_greedy_4000_50_30_10_1 values (10,1939.40605, '[6382, 10666, 4197, 3712, 3964, 4932, 2412, 2694, 9646, 9983]');
11--->1999.90435--time-->186.779s
INSERT INTO 20000ca_HepPh1_greedy_4000_50_30_10_1 values (11,1999.90435, '[6382, 10666, 4197, 3712, 3964, 4932, 8908, 2412, 2694, 9646, 9983]');
12--->2052.41655--time-->196.375s
INSERT INTO 20000ca_HepPh1_greedy_4000_50_30_10_1 values (12,2052.41655, '[6382, 10666, 4197, 3712, 3964, 4932, 8908, 2412, 2694, 5853, 9646, 9983]');
13--->2102.92775--time-->192.323s
INSERT INTO 20000ca_HepPh1_greedy_4000_50_30_10_1 values (13,2102.92775, '[10666, 4197, 6395, 8908, 2412, 6382, 3712, 3964, 4932, 2694, 5853, 9646, 9983]');
14--->2152.0939--time-->186.368s
INSERT INTO 20000ca_HepPh1_greedy_4000_50_30_10_1 values (14,2152.0939, '[10666, 4197, 6395, 8908, 2412, 9281, 6382, 3712, 3964, 4932, 2694, 5853, 9646, 9983]');
15--->2197.96125--time-->198.886s
INSERT INTO 20000ca_HepPh1_greedy_4000_50_30_10_1 values (15,2197.96125, '[10666, 4197, 6395, 8908, 2412, 9281, 6382, 3712, 3964, 4932, 11335, 2694, 5853, 9646, 9983]');
16--->2239.8569--time-->201.86s
INSERT INTO 20000ca_HepPh1_greedy_4000_50_30_10_1 values (16,2239.8569, '[10666, 4197, 6395, 8908, 2412, 9281, 2929, 6382, 3712, 3964, 4932, 11335, 2694, 5853, 9646, 9983]');
17--->2281.851--time-->206.472s
INSERT INTO 20000ca_HepPh1_greedy_4000_50_30_10_1 values (17,2281.851, '[10666, 4197, 6395, 8908, 2412, 9281, 2929, 6382, 3712, 3964, 4932, 11335, 2694, 5853, 4516, 9646, 9983]');
18--->2323.576--time-->211.475s
INSERT INTO 20000ca_HepPh1_greedy_4000_50_30_10_1 values (18,2323.576, '[10666, 4197, 6395, 8908, 2412, 9281, 2929, 6382, 3712, 3964, 4932, 11335, 2694, 5853, 4516, 9646, 6491, 9983]');
19--->2361.6609--time-->206.852s
INSERT INTO 20000ca_HepPh1_greedy_4000_50_30_10_1 values (19,2361.6609, '[10666, 4197, 6395, 8908, 2412, 9281, 2929, 6382, 3712, 3964, 4932, 11335, 2694, 5853, 4516, 6699, 9646, 6491, 9983]');
20--->2397.8394--time-->218.394s
INSERT INTO 20000ca_HepPh1_greedy_4000_50_30_10_1 values (20,2397.8394, '[10666, 4197, 6395, 11043, 8908, 2412, 9281, 2929, 6382, 3712, 3964, 4932, 11335, 2694, 5853, 4516, 6699, 9646, 6491, 9983]');
21--->2433.2967--time-->213.382s
INSERT INTO 20000ca_HepPh1_greedy_4000_50_30_10_1 values (21,2433.2967, '[10666, 4197, 6395, 11043, 8908, 2412, 9281, 2929, 6382, 4590, 3712, 3964, 4932, 11335, 2694, 5853, 4516, 6699, 9646, 6491, 9983]');
22--->2467.9223--time-->222.926s
INSERT INTO 20000ca_HepPh1_greedy_4000_50_30_10_1 values (22,2467.9223, '[10666, 4197, 6395, 8199, 11043, 8908, 2412, 9281, 2929, 6382, 4590, 3712, 3964, 4932, 11335, 2694, 5853, 4516, 6699, 9646, 6491, 9983]');
23--->2504.5229--time-->222.41s
INSERT INTO 20000ca_HepPh1_greedy_4000_50_30_10_1 values (23,2504.5229, '[10666, 4197, 6395, 8199, 11043, 8908, 2412, 9281, 2929, 6382, 4590, 3712, 3964, 11336, 4932, 11335, 2694, 5853, 4516, 6699, 9646, 6491, 9983]');
24--->2537.5351--time-->222.415s
INSERT INTO 20000ca_HepPh1_greedy_4000_50_30_10_1 values (24,2537.5351, '[10666, 4197, 6395, 8199, 11043, 5618, 8908, 2412, 9281, 2929, 6382, 4590, 3964, 3712, 11336, 4932, 11335, 2694, 5853, 4516, 6699, 9646, 6491, 9983]');
25--->2570.21005--time-->213.38s
INSERT INTO 20000ca_HepPh1_greedy_4000_50_30_10_1 values (25,2570.21005, '[4197, 6395, 8199, 11043, 5618, 9281, 2929, 6382, 4590, 3964, 11336, 4932, 11335, 5853, 4516, 9983, 10666, 8908, 2412, 3712, 8924, 2694, 6699, 9646, 6491]');
26--->2599.5157--time-->214.063s
INSERT INTO 20000ca_HepPh1_greedy_4000_50_30_10_1 values (26,2599.5157, '[4197, 883, 6395, 8199, 11043, 5618, 9281, 2929, 6382, 4590, 3964, 11336, 4932, 11335, 5853, 4516, 9983, 10666, 8908, 2412, 3712, 8924, 2694, 6699, 6491, 9646]');
27--->2629.0849--time-->225.421s
INSERT INTO 20000ca_HepPh1_greedy_4000_50_30_10_1 values (27,2629.0849, '[4197, 883, 6395, 8199, 11043, 5618, 9281, 2929, 6382, 4590, 3964, 11336, 4932, 11335, 5853, 4516, 9983, 10666, 8908, 2412, 5124, 3712, 8924, 2694, 6699, 6491, 9646]');
28--->2657.70495--time-->226.464s
INSERT INTO 20000ca_HepPh1_greedy_4000_50_30_10_1 values (28,2657.70495, '[4197, 883, 6395, 8199, 11043, 5618, 9281, 2929, 6382, 4590, 3964, 11336, 4932, 11335, 5853, 4516, 9983, 10666, 8908, 2412, 5124, 3712, 8924, 3651, 2694, 6699, 6491, 9646]');
29--->2685.8449--time-->228.501s
INSERT INTO 20000ca_HepPh1_greedy_4000_50_30_10_1 values (29,2685.8449, '[4197, 883, 6395, 8199, 11043, 5618, 8865, 9281, 2929, 6382, 4590, 3964, 11336, 4932, 11335, 5853, 4516, 9983, 10666, 8908, 2412, 5124, 3712, 8924, 2694, 3651, 6699, 6491, 9646]');
30--->2712.17705--time-->227.994s
INSERT INTO 20000ca_HepPh1_greedy_4000_50_30_10_1 values (30,2712.17705, '[4197, 883, 6395, 8199, 11043, 5618, 3829, 8865, 9281, 2929, 6382, 4590, 3964, 11336, 4932, 11335, 5853, 4516, 9983, 10666, 8908, 2412, 5124, 3712, 8924, 2694, 3651, 6699, 6491, 9646]');
31--->2738.5399--time-->227.074s
INSERT INTO 20000ca_HepPh1_greedy_4000_50_30_10_1 values (31,2738.5399, '[4197, 883, 6395, 8199, 11043, 5618, 3829, 8865, 9281, 2929, 6382, 4590, 3964, 11336, 4932, 11335, 5853, 4516, 9983, 10666, 8908, 2412, 5124, 3712, 8924, 2694, 3651, 6699, 6491, 9646, 5988]');
32--->2763.6473--time-->229.433s
INSERT INTO 20000ca_HepPh1_greedy_4000_50_30_10_1 values (32,2763.6473, '[4197, 883, 6395, 8199, 11043, 5618, 3829, 8865, 5836, 9281, 2929, 6382, 4590, 3964, 11336, 4932, 11335, 5853, 4516, 9983, 10666, 8908, 2412, 5124, 3712, 8924, 2694, 3651, 6699, 6491, 9646, 5988]');
33--->2788.25275--time-->231.955s
INSERT INTO 20000ca_HepPh1_greedy_4000_50_30_10_1 values (33,2788.25275, '[4197, 883, 6395, 8199, 11043, 5618, 3829, 8865, 5836, 9281, 2929, 6382, 4590, 3964, 11336, 4932, 11335, 9842, 5853, 4516, 9983, 10666, 8908, 2412, 5124, 3712, 8924, 2694, 3651, 6699, 6491, 9646, 5988]');
34--->2811.8147--time-->232.97s
INSERT INTO 20000ca_HepPh1_greedy_4000_50_30_10_1 values (34,2811.8147, '[4197, 883, 6395, 8199, 11043, 5618, 3829, 8865, 5836, 9281, 2929, 6382, 4590, 3964, 11336, 4932, 11335, 9842, 5853, 4516, 9983, 10735, 10666, 8908, 2412, 5124, 3712, 8924, 2694, 3651, 6699, 6491, 9646, 5988]');
35--->2834.41195--time-->224.957s
INSERT INTO 20000ca_HepPh1_greedy_4000_50_30_10_1 values (35,2834.41195, '[4197, 883, 6395, 8199, 11043, 5618, 3829, 8865, 5836, 9281, 2929, 6382, 4590, 3964, 11336, 4932, 11335, 9842, 5853, 4516, 9983, 10735, 10666, 8908, 2412, 5124, 7190, 3712, 8924, 2694, 3651, 6699, 6491, 9646, 5988]');
36--->2856.3817--time-->232.448s
INSERT INTO 20000ca_HepPh1_greedy_4000_50_30_10_1 values (36,2856.3817, '[4197, 883, 6395, 8199, 11043, 5618, 3829, 8865, 5836, 9281, 2929, 6382, 4590, 3964, 9364, 11336, 4932, 11335, 9842, 5853, 4516, 9983, 10735, 10666, 8908, 2412, 5124, 7190, 3712, 8924, 2694, 3651, 6699, 6491, 9646, 5988]');
37--->2880.1835--time-->231.45s
INSERT INTO 20000ca_HepPh1_greedy_4000_50_30_10_1 values (37,2880.1835, '[4197, 883, 2808, 6395, 8199, 11043, 5618, 3829, 8865, 5836, 9281, 2929, 6382, 4590, 3964, 9364, 11336, 4932, 11335, 9842, 5853, 4516, 9983, 10735, 10666, 8908, 2412, 5124, 7190, 3712, 8924, 2694, 3651, 6699, 6491, 9646, 5988]');
38--->2902.75275--time-->219.424s
INSERT INTO 20000ca_HepPh1_greedy_4000_50_30_10_1 values (38,2902.75275, '[4197, 883, 2808, 6395, 8199, 11043, 5618, 3829, 8865, 5836, 9281, 2929, 6382, 4590, 3964, 9364, 11336, 4932, 11335, 9842, 5853, 4516, 1721, 9983, 10735, 10666, 8908, 2412, 5124, 7190, 3712, 8924, 2694, 3651, 6699, 6491, 9646, 5988]');
39--->2924.0764--time-->230.45s
INSERT INTO 20000ca_HepPh1_greedy_4000_50_30_10_1 values (39,2924.0764, '[4197, 883, 2808, 6395, 8199, 11043, 5618, 3829, 8865, 5836, 9281, 2929, 6382, 4590, 3964, 9364, 11336, 4932, 11335, 9842, 5853, 4516, 1721, 9983, 10735, 10666, 8908, 2412, 5124, 7190, 3712, 8924, 2694, 3651, 6699, 6491, 9646, 5988, 1273]');
40--->2944.93825--time-->230.45s
INSERT INTO 20000ca_HepPh1_greedy_4000_50_30_10_1 values (40,2944.93825, '[4197, 883, 2808, 6395, 8199, 11043, 5618, 3829, 8865, 5836, 9281, 2929, 6382, 4590, 3964, 9364, 11336, 4932, 11335, 9842, 5853, 4516, 1721, 9983, 10735, 10666, 8908, 2412, 5124, 7190, 3712, 8924, 4898, 2694, 3651, 6699, 6491, 9646, 5988, 1273]');
41--->2965.51035--time-->230.437s
INSERT INTO 20000ca_HepPh1_greedy_4000_50_30_10_1 values (41,2965.51035, '[4197, 883, 2808, 6395, 8199, 11043, 5618, 3829, 8865, 5836, 9281, 2929, 6382, 4590, 3964, 9364, 11336, 4932, 11335, 9842, 5853, 4516, 1721, 9983, 10735, 10666, 8908, 2412, 5124, 7190, 5097, 3712, 8924, 4898, 2694, 3651, 6699, 6491, 9646, 5988, 1273]');
42--->2984.9408--time-->216.891s
INSERT INTO 20000ca_HepPh1_greedy_4000_50_30_10_1 values (42,2984.9408, '[4197, 883, 2808, 6395, 8199, 11043, 5618, 3829, 8865, 5836, 9281, 2929, 6382, 4590, 3964, 9364, 11336, 4932, 11335, 9842, 5853, 4516, 1721, 9983, 10735, 10666, 8908, 2412, 5124, 7190, 5097, 3712, 8924, 4898, 2694, 3651, 781, 6699, 6491, 9646, 5988, 1273]');
43--->3006.2556--time-->220.917s
INSERT INTO 20000ca_HepPh1_greedy_4000_50_30_10_1 values (43,3006.2556, '[4197, 883, 2808, 1424, 6395, 8199, 11043, 5618, 3829, 8865, 5836, 9281, 6382, 2929, 4590, 3964, 9364, 11336, 4932, 11335, 9842, 5853, 4516, 1721, 9983, 10735, 10666, 8908, 2412, 5124, 7190, 5097, 3712, 8924, 4898, 2694, 3651, 781, 6699, 6491, 9646, 5988, 1273]');
44--->3025.61655--time-->231.454s
INSERT INTO 20000ca_HepPh1_greedy_4000_50_30_10_1 values (44,3025.61655, '[4197, 883, 2808, 1424, 6395, 8199, 11043, 5618, 3829, 8865, 5836, 4142, 9281, 6382, 2929, 4590, 3964, 9364, 11336, 4932, 11335, 9842, 5853, 4516, 9983, 1721, 10735, 10666, 8908, 2412, 5124, 7190, 5097, 3712, 8924, 4898, 2694, 3651, 781, 6699, 6491, 9646, 5988, 1273]');
45--->3045.3404--time-->232.451s
INSERT INTO 20000ca_HepPh1_greedy_4000_50_30_10_1 values (45,3045.3404, '[4197, 883, 2808, 1424, 6395, 8199, 11043, 5618, 3829, 4815, 8865, 5836, 4142, 9281, 6382, 2929, 4590, 3964, 9364, 11336, 4932, 11335, 9842, 5853, 4516, 9983, 1721, 10735, 10666, 8908, 2412, 5124, 7190, 5097, 3712, 8924, 4898, 2694, 3651, 781, 6699, 6491, 9646, 5988, 1273]');
46--->3065.47225--time-->232.448s
INSERT INTO 20000ca_HepPh1_greedy_4000_50_30_10_1 values (46,3065.47225, '[4197, 883, 2808, 1424, 6395, 8199, 11043, 5618, 3829, 4815, 8865, 5836, 4142, 9281, 6382, 2929, 4590, 3964, 9364, 11336, 4932, 11335, 9842, 5853, 4516, 9983, 1721, 10735, 10666, 8908, 2412, 10299, 5124, 7190, 5097, 3712, 8924, 4898, 2694, 3651, 781, 6699, 6491, 9646, 5988, 1273]');
47--->3085.4072--time-->232.952s
INSERT INTO 20000ca_HepPh1_greedy_4000_50_30_10_1 values (47,3085.4072, '[4197, 883, 2808, 1424, 6395, 8199, 11043, 5618, 3829, 4815, 8865, 5836, 4142, 9281, 6382, 2929, 4590, 11197, 3964, 9364, 11336, 4932, 11335, 9842, 4516, 5853, 9983, 1721, 10735, 10666, 8908, 2412, 10299, 5124, 7190, 5097, 3712, 8924, 4898, 2694, 3651, 781, 6699, 6491, 9646, 5988, 1273]');
48--->3105.6433--time-->233.464s
INSERT INTO 20000ca_HepPh1_greedy_4000_50_30_10_1 values (48,3105.6433, '[4197, 883, 2808, 1424, 6395, 8199, 11043, 5618, 3829, 4815, 8865, 5836, 4142, 9281, 6382, 2929, 4590, 11197, 3964, 9364, 11336, 4932, 11335, 9842, 4516, 5853, 9983, 1721, 10735, 5858, 10666, 8908, 2412, 10299, 5124, 7190, 5097, 3712, 8924, 4898, 2694, 3651, 781, 6699, 6491, 9646, 5988, 1273]');
49--->3124.41055--time-->225.451s
INSERT INTO 20000ca_HepPh1_greedy_4000_50_30_10_1 values (49,3124.41055, '[5618, 3829, 5836, 4142, 3964, 9364, 4516, 5853, 10735, 5858, 8908, 8924, 4898, 781, 3651, 2694, 6699, 5988, 9646, 1273, 1424, 2808, 883, 4197, 6395, 8199, 11043, 4815, 8865, 9281, 2929, 6382, 4590, 11197, 9665, 11336, 4932, 11335, 9842, 9983, 1721, 10666, 2412, 10299, 5124, 7190, 5097, 3712, 6491]');
50--->3143.27845--time-->225.478s
INSERT INTO 20000ca_HepPh1_greedy_4000_50_30_10_1 values (50,3143.27845, '[5618, 3829, 5836, 4142, 3964, 9364, 4516, 5853, 10735, 5858, 8908, 8924, 4898, 781, 3651, 2694, 6699, 5988, 9646, 1273, 1424, 2808, 883, 4197, 6395, 8199, 11043, 4815, 8865, 9281, 2929, 6382, 4590, 11197, 9665, 11336, 4932, 6524, 11335, 9842, 9983, 1721, 10666, 2412, 10299, 5124, 7190, 5097, 3712, 6491]');
ca_HepPh1_greedy_4000_50_30_10_1------>10633.167s
_nWtNumGEfficient------
CREATE TABLE 20000ca_HepPh1_nWtNumGEfficient_4000_50_30_10_1 (k int(20) NOT NULL,influence double ,nodes longtext, PRIMARY KEY (k)) ENGINE=InnoDB DEFAULT CHARSET=utf8
1--->897.49475--time-->198.336s
INSERT INTO 20000ca_HepPh1_nWtNumGEfficient_4000_50_30_10_1 values (1,897.49475, '[6382]');
2--->1094.3784--time-->197.376s
INSERT INTO 20000ca_HepPh1_nWtNumGEfficient_4000_50_30_10_1 values (2,1094.3784, '[6382, 547]');
3--->1222.08895--time-->212.42s
INSERT INTO 20000ca_HepPh1_nWtNumGEfficient_4000_50_30_10_1 values (3,1222.08895, '[6382, 883, 547]');
INSERT INTO 20000ca_HepPh1_nWtNumGEfficient_4000_50_30_10_1 values (4,1323.54665, '[6382, 883, 547, 8842]');
4--->1323.54665--time-->190.315s
5--->1376.36745--time-->189.294s
INSERT INTO 20000ca_HepPh1_nWtNumGEfficient_4000_50_30_10_1 values (5,1376.36745, '[6382, 883, 547, 8842, 11326]');
6--->1473.1801--time-->193.816s
INSERT INTO 20000ca_HepPh1_nWtNumGEfficient_4000_50_30_10_1 values (6,1473.1801, '[6382, 883, 547, 8842, 11326, 2694]');
7--->1516.9769--time-->188.361s
INSERT INTO 20000ca_HepPh1_nWtNumGEfficient_4000_50_30_10_1 values (7,1516.9769, '[6382, 883, 4928, 547, 8842, 11326, 2694]');
8--->1592.94935--time-->204.377s
INSERT INTO 20000ca_HepPh1_nWtNumGEfficient_4000_50_30_10_1 values (8,1592.94935, '[6382, 10666, 883, 4928, 547, 8842, 11326, 2694]');
INSERT INTO 20000ca_HepPh1_nWtNumGEfficient_4000_50_30_10_1 values (9,1643.8524, '[6382, 10666, 883, 4928, 547, 8842, 11326, 2694, 5853]');
9--->1643.8524--time-->216.89s
10--->1676.1209--time-->207.375s
INSERT INTO 20000ca_HepPh1_nWtNumGEfficient_4000_50_30_10_1 values (10,1676.1209, '[6382, 10666, 883, 4928, 547, 8842, 11326, 2694, 5853, 4441]');
11--->1764.25855--time-->205.924s
INSERT INTO 20000ca_HepPh1_nWtNumGEfficient_4000_50_30_10_1 values (11,1764.25855, '[6382, 10666, 883, 4928, 547, 8842, 11336, 11326, 2694, 5853, 4441]');
12--->1824.40605--time-->213.381s
INSERT INTO 20000ca_HepPh1_nWtNumGEfficient_4000_50_30_10_1 values (12,1824.40605, '[6382, 10666, 883, 4928, 547, 8842, 3712, 11336, 11326, 2694, 5853, 4441]');
13--->1839.6747--time-->193.379s
INSERT INTO 20000ca_HepPh1_nWtNumGEfficient_4000_50_30_10_1 values (13,1839.6747, '[10666, 883, 547, 8842, 11326, 4441, 6382, 4928, 3712, 11336, 2694, 3143, 5853]');
14--->1882.8408--time-->211.389s
INSERT INTO 20000ca_HepPh1_nWtNumGEfficient_4000_50_30_10_1 values (14,1882.8408, '[10666, 883, 547, 8842, 11326, 4441, 6382, 4928, 3712, 11336, 6524, 2694, 3143, 5853]');
15--->1939.8952--time-->211.439s
INSERT INTO 20000ca_HepPh1_nWtNumGEfficient_4000_50_30_10_1 values (15,1939.8952, '[10666, 883, 547, 8842, 11326, 4441, 6382, 4928, 3712, 11336, 4898, 6524, 3143, 2694, 5853]');
16--->1971.01445--time-->224.425s
INSERT INTO 20000ca_HepPh1_nWtNumGEfficient_4000_50_30_10_1 values (16,1971.01445, '[10666, 883, 4100, 547, 8842, 11326, 4441, 6382, 4928, 3712, 11336, 4898, 6524, 3143, 2694, 5853]');
17--->2003.14395--time-->226.424s
INSERT INTO 20000ca_HepPh1_nWtNumGEfficient_4000_50_30_10_1 values (17,2003.14395, '[10666, 883, 4100, 547, 8842, 11326, 5127, 4441, 6382, 4928, 3712, 11336, 4898, 6524, 3143, 2694, 5853]');
18--->2033.59995--time-->223.415s
INSERT INTO 20000ca_HepPh1_nWtNumGEfficient_4000_50_30_10_1 values (18,2033.59995, '[10666, 883, 4100, 547, 8842, 11326, 2499, 5127, 4441, 6382, 4928, 3712, 11336, 4898, 6524, 3143, 2694, 5853]');
19--->2067.8954--time-->226.432s
INSERT INTO 20000ca_HepPh1_nWtNumGEfficient_4000_50_30_10_1 values (19,2067.8954, '[10666, 883, 4100, 547, 8842, 11326, 2499, 2497, 5127, 4441, 6382, 4928, 3712, 11336, 4898, 6524, 3143, 2694, 5853]');
20--->2112.87125--time-->227.93s
INSERT INTO 20000ca_HepPh1_nWtNumGEfficient_4000_50_30_10_1 values (20,2112.87125, '[10666, 883, 8199, 4100, 547, 8842, 11326, 2499, 2497, 5127, 4441, 6382, 4928, 3712, 11336, 4898, 6524, 3143, 2694, 5853]');
21--->2127.8987--time-->225.428s
INSERT INTO 20000ca_HepPh1_nWtNumGEfficient_4000_50_30_10_1 values (21,2127.8987, '[10666, 883, 8199, 4100, 547, 8842, 11326, 586, 2499, 2497, 5127, 4441, 6382, 4928, 3712, 11336, 4898, 6524, 3143, 2694, 5853]');
22--->2160.00895--time-->226.429s
INSERT INTO 20000ca_HepPh1_nWtNumGEfficient_4000_50_30_10_1 values (22,2160.00895, '[10666, 883, 8199, 4100, 547, 8842, 11326, 586, 2499, 2497, 5127, 4441, 6382, 4928, 3712, 11336, 4898, 6524, 11335, 3143, 2694, 5853]');
23--->2197.99265--time-->228.938s
INSERT INTO 20000ca_HepPh1_nWtNumGEfficient_4000_50_30_10_1 values (23,2197.99265, '[10666, 883, 8199, 4100, 547, 8842, 11326, 586, 2499, 2497, 5127, 4441, 6382, 4928, 3712, 11336, 4898, 6524, 11335, 3143, 2694, 5853, 6699]');
24--->2228.5994--time-->229.962s
INSERT INTO 20000ca_HepPh1_nWtNumGEfficient_4000_50_30_10_1 values (24,2228.5994, '[10666, 883, 8199, 4100, 547, 8842, 11326, 586, 8865, 2499, 2497, 5127, 4441, 6382, 4928, 3712, 11336, 4898, 6524, 11335, 3143, 2694, 5853, 6699]');
25--->2264.7664--time-->231.444s
INSERT INTO 20000ca_HepPh1_nWtNumGEfficient_4000_50_30_10_1 values (25,2264.7664, '[883, 8199, 547, 8865, 2499, 2497, 6382, 4928, 9364, 11336, 6524, 11335, 3143, 5853, 10666, 8842, 4100, 11326, 586, 5127, 4441, 3712, 4898, 2694, 6699]');
26--->2275.3944--time-->230.942s
INSERT INTO 20000ca_HepPh1_nWtNumGEfficient_4000_50_30_10_1 values (26,2275.3944, '[883, 8199, 547, 8865, 2499, 2497, 6382, 4928, 9364, 11336, 6524, 11335, 3143, 5853, 10666, 8842, 4100, 11326, 586, 5127, 4441, 7300, 3712, 4898, 2694, 6699]');
27--->2323.906--time-->232.461s
INSERT INTO 20000ca_HepPh1_nWtNumGEfficient_4000_50_30_10_1 values (27,2323.906, '[883, 8199, 547, 8865, 2499, 2497, 6382, 4928, 9364, 11336, 6524, 11335, 3143, 5853, 9983, 10666, 8842, 4100, 11326, 586, 5127, 4441, 7300, 3712, 4898, 2694, 6699]');
28--->2349.08965--time-->237.976s
INSERT INTO 20000ca_HepPh1_nWtNumGEfficient_4000_50_30_10_1 values (28,2349.08965, '[11896, 883, 8199, 547, 8865, 2499, 2497, 6382, 4928, 9364, 11336, 6524, 11335, 3143, 5853, 9983, 10666, 8842, 4100, 11326, 586, 5127, 4441, 7300, 3712, 4898, 2694, 6699]');
29--->2365.3305--time-->225.427s
INSERT INTO 20000ca_HepPh1_nWtNumGEfficient_4000_50_30_10_1 values (29,2365.3305, '[11896, 883, 8199, 547, 8865, 2499, 2497, 6382, 4928, 9364, 11336, 7811, 6524, 11335, 3143, 5853, 9983, 10666, 8842, 4100, 11326, 586, 5127, 4441, 7300, 3712, 4898, 2694, 6699]');
30--->2388.3561--time-->227.948s
INSERT INTO 20000ca_HepPh1_nWtNumGEfficient_4000_50_30_10_1 values (30,2388.3561, '[11896, 883, 8199, 547, 8865, 2499, 2497, 6382, 4928, 9364, 11336, 7811, 6524, 11335, 3143, 5853, 9983, 10666, 8842, 4100, 11326, 586, 5127, 4441, 7300, 3712, 4898, 2694, 723, 6699]');
31--->2420.61995--time-->234.965s
INSERT INTO 20000ca_HepPh1_nWtNumGEfficient_4000_50_30_10_1 values (31,2420.61995, '[11896, 883, 8199, 547, 8865, 2499, 4142, 2497, 6382, 4928, 9364, 11336, 7811, 6524, 11335, 3143, 5853, 9983, 10666, 8842, 4100, 11326, 586, 5127, 4441, 7300, 3712, 4898, 2694, 723, 6699]');
32--->2441.43725--time-->244.005s
INSERT INTO 20000ca_HepPh1_nWtNumGEfficient_4000_50_30_10_1 values (32,2441.43725, '[11896, 883, 8199, 547, 8865, 2499, 4142, 2497, 553, 6382, 4928, 9364, 11336, 7811, 6524, 11335, 3143, 5853, 9983, 10666, 8842, 4100, 11326, 586, 5127, 4441, 7300, 3712, 4898, 2694, 723, 6699]');
33--->2467.4248--time-->231.449s
INSERT INTO 20000ca_HepPh1_nWtNumGEfficient_4000_50_30_10_1 values (33,2467.4248, '[11896, 883, 8199, 547, 8865, 2499, 4142, 2497, 553, 6382, 4928, 9364, 11336, 7811, 6524, 11335, 3143, 5853, 9983, 10666, 8842, 4100, 11326, 586, 5124, 5127, 4441, 7300, 3712, 4898, 2694, 723, 6699]');
34--->2504.06935--time-->247.515s
INSERT INTO 20000ca_HepPh1_nWtNumGEfficient_4000_50_30_10_1 values (34,2504.06935, '[11896, 883, 8199, 547, 8865, 2499, 4142, 2497, 553, 6382, 4928, 9364, 11336, 7811, 6524, 11335, 3143, 5853, 9983, 10666, 8842, 4100, 11326, 586, 5124, 5127, 4441, 7300, 3712, 4898, 6703, 2694, 723, 6699]');
35--->2512.00835--time-->246.514s
INSERT INTO 20000ca_HepPh1_nWtNumGEfficient_4000_50_30_10_1 values (35,2512.00835, '[11896, 883, 8199, 547, 8865, 2499, 4142, 2497, 553, 6382, 4928, 9364, 11336, 7811, 6524, 11335, 3143, 5853, 9983, 10666, 3317, 8842, 4100, 11326, 586, 5124, 5127, 4441, 7300, 3712, 4898, 6703, 2694, 723, 6699]');
36--->2520.665--time-->246.506s
INSERT INTO 20000ca_HepPh1_nWtNumGEfficient_4000_50_30_10_1 values (36,2520.665, '[11896, 883, 8199, 547, 8865, 2499, 4142, 2497, 553, 6382, 4928, 9364, 11336, 7811, 6524, 11335, 3143, 5853, 9983, 10666, 3317, 8842, 4100, 11326, 586, 5124, 5127, 4441, 7300, 2697, 3712, 4898, 6703, 2694, 723, 6699]');
37--->2542.60695--time-->245.513s
INSERT INTO 20000ca_HepPh1_nWtNumGEfficient_4000_50_30_10_1 values (37,2542.60695, '[11896, 883, 8199, 547, 8865, 2499, 4142, 2497, 553, 6382, 4928, 9364, 11336, 7811, 6524, 11335, 3143, 5853, 9983, 10666, 3317, 8842, 4100, 11326, 586, 5124, 5127, 4441, 7300, 2697, 3712, 4898, 6703, 2694, 723, 6699, 5988]');
38--->2563.4587--time-->247.508s
INSERT INTO 20000ca_HepPh1_nWtNumGEfficient_4000_50_30_10_1 values (38,2563.4587, '[11896, 883, 8199, 547, 8865, 2499, 4142, 2497, 553, 6382, 4928, 9364, 11336, 7811, 6524, 11335, 3143, 5853, 9983, 10666, 3317, 8842, 4100, 11326, 586, 5124, 5127, 4441, 7300, 2697, 3712, 4898, 6703, 2694, 723, 6699, 5988, 1273]');
39--->2586.9819--time-->241.489s
INSERT INTO 20000ca_HepPh1_nWtNumGEfficient_4000_50_30_10_1 values (39,2586.9819, '[11896, 883, 8199, 547, 8865, 2499, 4142, 2497, 553, 6382, 4928, 9364, 11336, 7811, 6524, 11335, 3143, 5853, 9983, 10735, 10666, 3317, 8842, 4100, 11326, 586, 5124, 5127, 4441, 7300, 2697, 3712, 4898, 6703, 2694, 723, 6699, 5988, 1273]');
40--->2616.8964--time-->232.464s
INSERT INTO 20000ca_HepPh1_nWtNumGEfficient_4000_50_30_10_1 values (40,2616.8964, '[11896, 883, 8199, 547, 8865, 2499, 4142, 2497, 553, 6382, 4928, 9364, 11336, 7811, 6524, 11335, 3143, 5853, 9983, 10735, 10666, 3317, 8842, 4100, 11326, 586, 5124, 5127, 4441, 7300, 2697, 3712, 4898, 6703, 2694, 723, 6699, 5988, 6491, 1273]');
41--->2633.6624--time-->227.432s
INSERT INTO 20000ca_HepPh1_nWtNumGEfficient_4000_50_30_10_1 values (41,2633.6624, '[11896, 883, 2203, 8199, 547, 8865, 2499, 4142, 2497, 553, 6382, 4928, 11336, 9364, 7811, 6524, 11335, 3143, 5853, 9983, 10735, 10666, 3317, 8842, 4100, 11326, 586, 5124, 5127, 4441, 7300, 2697, 3712, 4898, 6703, 2694, 723, 6699, 5988, 6491, 1273]');
42--->2643.3353--time-->225.939s
INSERT INTO 20000ca_HepPh1_nWtNumGEfficient_4000_50_30_10_1 values (42,2643.3353, '[11896, 883, 2203, 8199, 547, 8865, 2499, 4142, 10569, 2497, 553, 6382, 4928, 11336, 9364, 7811, 6524, 11335, 3143, 5853, 9983, 10735, 10666, 3317, 4100, 8842, 11326, 586, 5124, 5127, 4441, 7300, 2697, 3712, 4898, 6703, 2694, 723, 6699, 5988, 6491, 1273]');
43--->2665.2902--time-->240.983s
INSERT INTO 20000ca_HepPh1_nWtNumGEfficient_4000_50_30_10_1 values (43,2665.2902, '[11896, 883, 2203, 8199, 547, 8865, 2499, 4142, 10569, 2497, 553, 6382, 4928, 11336, 9364, 7811, 6524, 11335, 3143, 5853, 9983, 10735, 10666, 3317, 4100, 8842, 11326, 586, 10299, 5124, 5127, 4441, 7300, 2697, 3712, 4898, 6703, 2694, 723, 6699, 5988, 6491, 1273]');
44--->2696.3528--time-->243.998s
INSERT INTO 20000ca_HepPh1_nWtNumGEfficient_4000_50_30_10_1 values (44,2696.3528, '[11896, 883, 2203, 8199, 547, 8865, 2499, 4142, 10569, 2497, 553, 6382, 4928, 11336, 9364, 7811, 6524, 11335, 3143, 5853, 9983, 10735, 10666, 3317, 4100, 8842, 11326, 586, 10299, 5124, 5127, 4441, 7300, 2697, 3712, 8924, 4898, 6703, 2694, 723, 6699, 5988, 6491, 1273]');
45--->2713.18025--time-->250.523s
INSERT INTO 20000ca_HepPh1_nWtNumGEfficient_4000_50_30_10_1 values (45,2713.18025, '[11896, 883, 2203, 8199, 547, 8865, 2499, 4142, 10569, 2497, 553, 6382, 4928, 11336, 9364, 7811, 6524, 11335, 3143, 5853, 9983, 5858, 10735, 10666, 3317, 4100, 8842, 11326, 586, 10299, 5124, 5127, 4441, 7300, 2697, 3712, 8924, 4898, 6703, 2694, 723, 6699, 5988, 6491, 1273]');
46--->2732.3769--time-->253.036s
INSERT INTO 20000ca_HepPh1_nWtNumGEfficient_4000_50_30_10_1 values (46,2732.3769, '[11896, 883, 2808, 2203, 8199, 547, 8865, 2499, 4142, 10569, 2497, 553, 6382, 4928, 11336, 9364, 7811, 6524, 11335, 3143, 5853, 9983, 5858, 10735, 10666, 3317, 4100, 8842, 11326, 586, 10299, 5124, 5127, 4441, 7300, 2697, 3712, 8924, 4898, 6703, 2694, 723, 6699, 5988, 6491, 1273]');
47--->2760.1389--time-->234.97s
INSERT INTO 20000ca_HepPh1_nWtNumGEfficient_4000_50_30_10_1 values (47,2760.1389, '[11896, 883, 2808, 2203, 8199, 547, 8865, 2499, 4142, 10569, 2497, 553, 6382, 4928, 9665, 11336, 9364, 7811, 6524, 11335, 3143, 5853, 9983, 5858, 10735, 10666, 3317, 4100, 8842, 11326, 586, 10299, 5124, 5127, 4441, 7300, 2697, 3712, 8924, 4898, 6703, 2694, 723, 6699, 5988, 6491, 1273]');
48--->2777.9656--time-->230.451s
INSERT INTO 20000ca_HepPh1_nWtNumGEfficient_4000_50_30_10_1 values (48,2777.9656, '[11896, 883, 2808, 2203, 8199, 547, 8865, 2499, 4142, 10569, 2497, 553, 6382, 4928, 9665, 7667, 11336, 9364, 7811, 6524, 11335, 3143, 5853, 9983, 10735, 5858, 10666, 3317, 4100, 8842, 11326, 586, 10299, 5124, 5127, 4441, 7300, 2697, 3712, 8924, 4898, 6703, 2694, 723, 6699, 5988, 6491, 1273]');
49--->2787.97965--time-->244.994s
INSERT INTO 20000ca_HepPh1_nWtNumGEfficient_4000_50_30_10_1 values (49,2787.97965, '[2203, 547, 4142, 10569, 553, 9364, 7667, 3143, 5853, 10735, 5858, 3317, 4100, 11326, 2697, 8924, 4898, 6703, 2694, 6699, 5988, 1273, 11896, 2808, 883, 8199, 8865, 2499, 2497, 6382, 4928, 9665, 11336, 7811, 6524, 11335, 7126, 9983, 10666, 8842, 586, 10299, 5124, 5127, 4441, 7300, 3712, 723, 6491]');
50--->2816.9651--time-->247.012s
INSERT INTO 20000ca_HepPh1_nWtNumGEfficient_4000_50_30_10_1 values (50,2816.9651, '[2203, 547, 4142, 10569, 553, 9364, 7667, 3143, 5853, 10735, 5858, 3317, 4100, 11326, 2697, 8924, 4898, 6703, 2694, 6699, 5988, 1273, 11896, 2808, 883, 8199, 8865, 2499, 2497, 6382, 4928, 9665, 11336, 7811, 6524, 11335, 9842, 7126, 9983, 10666, 8842, 586, 10299, 5124, 5127, 4441, 7300, 3712, 723, 6491]');
ca_HepPh1_nWtNumGEfficient_4000_50_30_10_1------>11281.244s
_nWtNumGEfficientcelf------
CREATE TABLE 20000ca_HepPh1_nWtNumGEfficientcelf_4000_50_30_10_1 (k int(20) NOT NULL,influence double ,nodes longtext, PRIMARY KEY (k)) ENGINE=InnoDB DEFAULT CHARSET=utf8
1--->897.3792--time-->219.903s
INSERT INTO 20000ca_HepPh1_nWtNumGEfficientcelf_4000_50_30_10_1 values (1,897.3792, '[6382]');
2--->1094.64305--time-->218.389s
INSERT INTO 20000ca_HepPh1_nWtNumGEfficientcelf_4000_50_30_10_1 values (2,1094.64305, '[6382, 547]');
3--->1221.72865--time-->214.409s
INSERT INTO 20000ca_HepPh1_nWtNumGEfficientcelf_4000_50_30_10_1 values (3,1221.72865, '[6382, 883, 547]');
4--->1323.98865--time-->192.802s
INSERT INTO 20000ca_HepPh1_nWtNumGEfficientcelf_4000_50_30_10_1 values (4,1323.98865, '[6382, 883, 547, 8842]');
5--->1421.54125--time-->196.32s
INSERT INTO 20000ca_HepPh1_nWtNumGEfficientcelf_4000_50_30_10_1 values (5,1421.54125, '[6382, 883, 547, 8842, 2694]');
6--->1468.11205--time-->194.803s
INSERT INTO 20000ca_HepPh1_nWtNumGEfficientcelf_4000_50_30_10_1 values (6,1468.11205, '[6382, 883, 4928, 547, 8842, 2694]');
7--->1526.63115--time-->193.794s
INSERT INTO 20000ca_HepPh1_nWtNumGEfficientcelf_4000_50_30_10_1 values (7,1526.63115, '[6382, 883, 4928, 547, 8842, 2694, 5853]');
8--->1568.02565--time-->199.817s
INSERT INTO 20000ca_HepPh1_nWtNumGEfficientcelf_4000_50_30_10_1 values (8,1568.02565, '[6382, 883, 4928, 547, 8842, 11326, 2694, 5853]');
9--->1643.16775--time-->210.872s
INSERT INTO 20000ca_HepPh1_nWtNumGEfficientcelf_4000_50_30_10_1 values (9,1643.16775, '[6382, 10666, 883, 4928, 547, 8842, 11326, 2694, 5853]');
10--->1675.96855--time-->214.374s
INSERT INTO 20000ca_HepPh1_nWtNumGEfficientcelf_4000_50_30_10_1 values (10,1675.96855, '[6382, 10666, 883, 4928, 547, 8842, 11326, 2694, 5853, 4441]');
11--->1764.14565--time-->218.396s
INSERT INTO 20000ca_HepPh1_nWtNumGEfficientcelf_4000_50_30_10_1 values (11,1764.14565, '[6382, 10666, 883, 4928, 547, 8842, 11336, 11326, 2694, 5853, 4441]');
12--->1824.1412--time-->206.858s
INSERT INTO 20000ca_HepPh1_nWtNumGEfficientcelf_4000_50_30_10_1 values (12,1824.1412, '[6382, 10666, 883, 4928, 547, 8842, 3712, 11336, 11326, 2694, 5853, 4441]');
13--->1839.86275--time-->205.345s
INSERT INTO 20000ca_HepPh1_nWtNumGEfficientcelf_4000_50_30_10_1 values (13,1839.86275, '[10666, 883, 547, 8842, 11326, 4441, 6382, 4928, 3712, 11336, 2694, 3143, 5853]');
14--->1882.5961--time-->218.906s
INSERT INTO 20000ca_HepPh1_nWtNumGEfficientcelf_4000_50_30_10_1 values (14,1882.5961, '[10666, 883, 547, 8842, 11326, 4441, 6382, 4928, 3712, 11336, 6524, 2694, 3143, 5853]');
15--->1939.7548--time-->224.418s
INSERT INTO 20000ca_HepPh1_nWtNumGEfficientcelf_4000_50_30_10_1 values (15,1939.7548, '[10666, 883, 547, 8842, 11326, 4441, 6382, 4928, 3712, 11336, 4898, 6524, 3143, 2694, 5853]');
16--->1971.41545--time-->222.917s
INSERT INTO 20000ca_HepPh1_nWtNumGEfficientcelf_4000_50_30_10_1 values (16,1971.41545, '[10666, 883, 4100, 547, 8842, 11326, 4441, 6382, 4928, 3712, 11336, 4898, 6524, 3143, 2694, 5853]');
17--->2003.2162--time-->211.87s
INSERT INTO 20000ca_HepPh1_nWtNumGEfficientcelf_4000_50_30_10_1 values (17,2003.2162, '[10666, 883, 4100, 547, 8842, 11326, 5127, 4441, 6382, 4928, 3712, 11336, 4898, 6524, 3143, 2694, 5853]');
18--->2034.2092--time-->211.888s
INSERT INTO 20000ca_HepPh1_nWtNumGEfficientcelf_4000_50_30_10_1 values (18,2034.2092, '[10666, 883, 4100, 547, 8842, 11326, 2499, 5127, 4441, 6382, 4928, 3712, 11336, 4898, 6524, 3143, 2694, 5853]');
19--->2057.842--time-->228.953s
INSERT INTO 20000ca_HepPh1_nWtNumGEfficientcelf_4000_50_30_10_1 values (19,2057.842, '[10666, 883, 4100, 547, 8842, 11326, 2499, 5127, 4441, 6382, 4928, 3712, 11336, 4898, 7811, 6524, 3143, 2694, 5853]');
20--->2086.54785--time-->226.935s
INSERT INTO 20000ca_HepPh1_nWtNumGEfficientcelf_4000_50_30_10_1 values (20,2086.54785, '[10666, 883, 4100, 547, 8842, 11326, 2499, 2497, 5127, 4441, 6382, 4928, 3712, 11336, 4898, 7811, 6524, 3143, 2694, 5853]');
21--->2131.36315--time-->212.866s
INSERT INTO 20000ca_HepPh1_nWtNumGEfficientcelf_4000_50_30_10_1 values (21,2131.36315, '[10666, 883, 8199, 4100, 547, 8842, 11326, 2499, 2497, 5127, 4441, 6382, 4928, 3712, 11336, 4898, 7811, 6524, 3143, 2694, 5853]');
22--->2163.7635--time-->225.926s
INSERT INTO 20000ca_HepPh1_nWtNumGEfficientcelf_4000_50_30_10_1 values (22,2163.7635, '[10666, 883, 8199, 4100, 547, 8842, 11326, 2499, 2497, 5127, 4441, 6382, 4928, 3712, 11336, 4898, 7811, 6524, 11335, 3143, 2694, 5853]');
23--->2201.68965--time-->228.437s
INSERT INTO 20000ca_HepPh1_nWtNumGEfficientcelf_4000_50_30_10_1 values (23,2201.68965, '[10666, 883, 8199, 4100, 547, 8842, 11326, 2499, 2497, 5127, 4441, 6382, 4928, 3712, 11336, 4898, 7811, 6524, 11335, 3143, 2694, 5853, 6699]');
24--->2232.8695--time-->229.447s
INSERT INTO 20000ca_HepPh1_nWtNumGEfficientcelf_4000_50_30_10_1 values (24,2232.8695, '[10666, 883, 8199, 4100, 547, 8842, 11326, 8865, 2499, 2497, 5127, 4441, 6382, 4928, 3712, 11336, 4898, 7811, 6524, 11335, 3143, 2694, 5853, 6699]');
25--->2268.85465--time-->231.983s
INSERT INTO 20000ca_HepPh1_nWtNumGEfficientcelf_4000_50_30_10_1 values (25,2268.85465, '[883, 8199, 547, 8865, 2499, 2497, 6382, 4928, 9364, 11336, 7811, 6524, 11335, 3143, 5853, 10666, 8842, 4100, 11326, 5127, 4441, 3712, 4898, 2694, 6699]');
26--->2281.73615--time-->229.937s
INSERT INTO 20000ca_HepPh1_nWtNumGEfficientcelf_4000_50_30_10_1 values (26,2281.73615, '[883, 8199, 547, 8865, 2499, 2497, 6382, 4928, 9364, 11336, 7811, 6524, 11335, 3143, 5853, 10666, 8842, 4100, 11326, 586, 5127, 4441, 3712, 4898, 2694, 6699]');
27--->2330.47045--time-->232.967s
INSERT INTO 20000ca_HepPh1_nWtNumGEfficientcelf_4000_50_30_10_1 values (27,2330.47045, '[883, 8199, 547, 8865, 2499, 2497, 6382, 4928, 9364, 11336, 7811, 6524, 11335, 3143, 5853, 9983, 10666, 8842, 4100, 11326, 586, 5127, 4441, 3712, 4898, 2694, 6699]');
28--->2340.6233--time-->229.943s
INSERT INTO 20000ca_HepPh1_nWtNumGEfficientcelf_4000_50_30_10_1 values (28,2340.6233, '[883, 8199, 547, 8865, 2499, 2497, 6382, 4928, 9364, 11336, 7811, 6524, 11335, 3143, 5853, 9983, 10666, 8842, 4100, 11326, 586, 5127, 4441, 7300, 3712, 4898, 2694, 6699]');
29--->2365.5577--time-->231.45s
INSERT INTO 20000ca_HepPh1_nWtNumGEfficientcelf_4000_50_30_10_1 values (29,2365.5577, '[11896, 883, 8199, 547, 8865, 2499, 2497, 6382, 4928, 9364, 11336, 7811, 6524, 11335, 3143, 5853, 9983, 10666, 8842, 4100, 11326, 586, 5127, 4441, 7300, 3712, 4898, 2694, 6699]');
30--->2388.6555--time-->230.95s
INSERT INTO 20000ca_HepPh1_nWtNumGEfficientcelf_4000_50_30_10_1 values (30,2388.6555, '[11896, 883, 8199, 547, 8865, 2499, 2497, 6382, 4928, 9364, 11336, 7811, 6524, 11335, 3143, 5853, 9983, 10666, 8842, 4100, 11326, 586, 5127, 4441, 7300, 3712, 4898, 2694, 723, 6699]');
31--->2420.3035--time-->235.975s
INSERT INTO 20000ca_HepPh1_nWtNumGEfficientcelf_4000_50_30_10_1 values (31,2420.3035, '[11896, 883, 8199, 547, 8865, 2499, 4142, 2497, 6382, 4928, 9364, 11336, 7811, 6524, 11335, 3143, 5853, 9983, 10666, 8842, 4100, 11326, 586, 5127, 4441, 7300, 3712, 4898, 2694, 723, 6699]');
32--->2440.59275--time-->238.487s
INSERT INTO 20000ca_HepPh1_nWtNumGEfficientcelf_4000_50_30_10_1 values (32,2440.59275, '[11896, 883, 8199, 547, 8865, 2499, 4142, 2497, 553, 6382, 4928, 9364, 11336, 7811, 6524, 11335, 3143, 5853, 9983, 10666, 8842, 4100, 11326, 586, 5127, 4441, 7300, 3712, 4898, 2694, 723, 6699]');
33--->2467.10105--time-->235.963s
INSERT INTO 20000ca_HepPh1_nWtNumGEfficientcelf_4000_50_30_10_1 values (33,2467.10105, '[11896, 883, 8199, 547, 8865, 2499, 4142, 2497, 553, 6382, 4928, 9364, 11336, 7811, 6524, 11335, 3143, 5853, 9983, 10666, 8842, 4100, 11326, 586, 5124, 5127, 4441, 7300, 3712, 4898, 2694, 723, 6699]');
34--->2503.7189--time-->238.479s
INSERT INTO 20000ca_HepPh1_nWtNumGEfficientcelf_4000_50_30_10_1 values (34,2503.7189, '[11896, 883, 8199, 547, 8865, 2499, 4142, 2497, 553, 6382, 4928, 9364, 11336, 7811, 6524, 11335, 3143, 5853, 9983, 10666, 8842, 4100, 11326, 586, 5124, 5127, 4441, 7300, 3712, 4898, 6703, 2694, 723, 6699]');
35--->2511.34695--time-->237.98s
INSERT INTO 20000ca_HepPh1_nWtNumGEfficientcelf_4000_50_30_10_1 values (35,2511.34695, '[11896, 883, 8199, 547, 8865, 2499, 4142, 2497, 553, 6382, 4928, 9364, 11336, 7811, 6524, 11335, 3143, 5853, 9983, 10666, 3317, 8842, 4100, 11326, 586, 5124, 5127, 4441, 7300, 3712, 4898, 6703, 2694, 723, 6699]');
36--->2520.75755--time-->237.47s
INSERT INTO 20000ca_HepPh1_nWtNumGEfficientcelf_4000_50_30_10_1 values (36,2520.75755, '[11896, 883, 8199, 547, 8865, 2499, 4142, 2497, 553, 6382, 4928, 9364, 11336, 7811, 6524, 11335, 3143, 5853, 9983, 10666, 3317, 8842, 4100, 11326, 586, 5124, 5127, 4441, 7300, 2697, 3712, 4898, 6703, 2694, 723, 6699]');
37--->2542.9413--time-->225.432s
INSERT INTO 20000ca_HepPh1_nWtNumGEfficientcelf_4000_50_30_10_1 values (37,2542.9413, '[11896, 883, 8199, 547, 8865, 2499, 4142, 2497, 553, 6382, 4928, 9364, 11336, 7811, 6524, 11335, 3143, 5853, 9983, 10666, 3317, 8842, 4100, 11326, 586, 5124, 5127, 4441, 7300, 2697, 3712, 4898, 6703, 2694, 723, 6699, 5988]');
38--->2563.31585--time-->238.981s
INSERT INTO 20000ca_HepPh1_nWtNumGEfficientcelf_4000_50_30_10_1 values (38,2563.31585, '[11896, 883, 8199, 547, 8865, 2499, 4142, 2497, 553, 6382, 4928, 9364, 11336, 7811, 6524, 11335, 3143, 5853, 9983, 10666, 3317, 8842, 4100, 11326, 586, 5124, 5127, 4441, 7300, 2697, 3712, 4898, 6703, 2694, 723, 6699, 5988, 1273]');
39--->2586.85005--time-->240.498s
INSERT INTO 20000ca_HepPh1_nWtNumGEfficientcelf_4000_50_30_10_1 values (39,2586.85005, '[11896, 883, 8199, 547, 8865, 2499, 4142, 2497, 553, 6382, 4928, 9364, 11336, 7811, 6524, 11335, 3143, 5853, 9983, 10735, 10666, 3317, 8842, 4100, 11326, 586, 5124, 5127, 4441, 7300, 2697, 3712, 4898, 6703, 2694, 723, 6699, 5988, 1273]');
40--->2616.00265--time-->233.967s
INSERT INTO 20000ca_HepPh1_nWtNumGEfficientcelf_4000_50_30_10_1 values (40,2616.00265, '[11896, 883, 8199, 547, 8865, 2499, 4142, 2497, 553, 6382, 4928, 9364, 11336, 7811, 6524, 11335, 3143, 5853, 9983, 10735, 10666, 3317, 8842, 4100, 11326, 586, 5124, 5127, 4441, 7300, 2697, 3712, 4898, 6703, 2694, 723, 6699, 5988, 6491, 1273]');
41--->2634.2413--time-->237.968s
INSERT INTO 20000ca_HepPh1_nWtNumGEfficientcelf_4000_50_30_10_1 values (41,2634.2413, '[11896, 883, 2203, 8199, 547, 8865, 2499, 4142, 2497, 553, 6382, 4928, 11336, 9364, 7811, 6524, 11335, 3143, 5853, 9983, 10735, 10666, 3317, 8842, 4100, 11326, 586, 5124, 5127, 4441, 7300, 2697, 3712, 4898, 6703, 2694, 723, 6699, 5988, 6491, 1273]');
42--->2643.18105--time-->227.439s
INSERT INTO 20000ca_HepPh1_nWtNumGEfficientcelf_4000_50_30_10_1 values (42,2643.18105, '[11896, 883, 2203, 8199, 547, 8865, 2499, 4142, 10569, 2497, 553, 6382, 4928, 11336, 9364, 7811, 6524, 11335, 3143, 5853, 9983, 10735, 10666, 3317, 4100, 8842, 11326, 586, 5124, 5127, 4441, 7300, 2697, 3712, 4898, 6703, 2694, 723, 6699, 5988, 6491, 1273]');
43--->2665.01435--time-->238.486s
INSERT INTO 20000ca_HepPh1_nWtNumGEfficientcelf_4000_50_30_10_1 values (43,2665.01435, '[11896, 883, 2203, 8199, 547, 8865, 2499, 4142, 10569, 2497, 553, 6382, 4928, 11336, 9364, 7811, 6524, 11335, 3143, 5853, 9983, 10735, 10666, 3317, 4100, 8842, 11326, 586, 10299, 5124, 5127, 4441, 7300, 2697, 3712, 4898, 6703, 2694, 723, 6699, 5988, 6491, 1273]');
44--->2697.0195--time-->240.485s
INSERT INTO 20000ca_HepPh1_nWtNumGEfficientcelf_4000_50_30_10_1 values (44,2697.0195, '[11896, 883, 2203, 8199, 547, 8865, 2499, 4142, 10569, 2497, 553, 6382, 4928, 11336, 9364, 7811, 6524, 11335, 3143, 5853, 9983, 10735, 10666, 3317, 4100, 8842, 11326, 586, 10299, 5124, 5127, 4441, 7300, 2697, 3712, 8924, 4898, 6703, 2694, 723, 6699, 5988, 6491, 1273]');
45--->2713.27495--time-->243.996s
INSERT INTO 20000ca_HepPh1_nWtNumGEfficientcelf_4000_50_30_10_1 values (45,2713.27495, '[11896, 883, 2203, 8199, 547, 8865, 2499, 4142, 10569, 2497, 553, 6382, 4928, 11336, 9364, 7811, 6524, 11335, 3143, 5853, 9983, 5858, 10735, 10666, 3317, 4100, 8842, 11326, 586, 10299, 5124, 5127, 4441, 7300, 2697, 3712, 8924, 4898, 6703, 2694, 723, 6699, 5988, 6491, 1273]');
46--->2732.4903--time-->232.451s
INSERT INTO 20000ca_HepPh1_nWtNumGEfficientcelf_4000_50_30_10_1 values (46,2732.4903, '[11896, 883, 2808, 2203, 8199, 547, 8865, 2499, 4142, 10569, 2497, 553, 6382, 4928, 11336, 9364, 7811, 6524, 11335, 3143, 5853, 9983, 5858, 10735, 10666, 3317, 4100, 8842, 11326, 586, 10299, 5124, 5127, 4441, 7300, 2697, 3712, 8924, 4898, 6703, 2694, 723, 6699, 5988, 6491, 1273]');
47--->2759.7536--time-->245.508s
INSERT INTO 20000ca_HepPh1_nWtNumGEfficientcelf_4000_50_30_10_1 values (47,2759.7536, '[11896, 883, 2808, 2203, 8199, 547, 8865, 2499, 4142, 10569, 2497, 553, 6382, 4928, 9665, 11336, 9364, 7811, 6524, 11335, 3143, 5853, 9983, 5858, 10735, 10666, 3317, 4100, 8842, 11326, 586, 10299, 5124, 5127, 4441, 7300, 2697, 3712, 8924, 4898, 6703, 2694, 723, 6699, 5988, 6491, 1273]');
48--->2777.75--time-->235.972s
INSERT INTO 20000ca_HepPh1_nWtNumGEfficientcelf_4000_50_30_10_1 values (48,2777.75, '[11896, 883, 2808, 2203, 8199, 547, 8865, 2499, 4142, 10569, 2497, 553, 6382, 4928, 9665, 7667, 11336, 9364, 7811, 6524, 11335, 3143, 5853, 9983, 10735, 5858, 10666, 3317, 4100, 8842, 11326, 586, 10299, 5124, 5127, 4441, 7300, 2697, 3712, 8924, 4898, 6703, 2694, 723, 6699, 5988, 6491, 1273]');
49--->2806.71285--time-->247.51s
INSERT INTO 20000ca_HepPh1_nWtNumGEfficientcelf_4000_50_30_10_1 values (49,2806.71285, '[2203, 547, 4142, 10569, 553, 9364, 7667, 3143, 5853, 10735, 5858, 3317, 4100, 11326, 2697, 8924, 4898, 6703, 2694, 6699, 5988, 1273, 11896, 2808, 883, 8199, 8865, 2499, 2497, 6382, 4928, 9665, 11336, 7811, 6524, 11335, 9842, 9983, 10666, 8842, 586, 10299, 5124, 5127, 4441, 7300, 3712, 723, 6491]');
50--->2826.02085--time-->248.01s
INSERT INTO 20000ca_HepPh1_nWtNumGEfficientcelf_4000_50_30_10_1 values (50,2826.02085, '[2203, 547, 4142, 10569, 553, 9364, 7667, 3143, 5853, 10735, 5858, 3317, 4100, 11326, 2697, 8924, 4898, 6703, 2694, 6699, 5988, 1273, 11896, 2808, 883, 8199, 8865, 2499, 2497, 6382, 4928, 9972, 9665, 11336, 7811, 6524, 11335, 9842, 9983, 10666, 8842, 586, 10299, 5124, 5127, 4441, 7300, 3712, 723, 6491]');
ca_HepPh1_nWtNumGEfficientcelf_4000_50_30_10_1------>11281.031s
_neiborNumGreedyEcelf------
CREATE TABLE 20000ca_HepPh1_neiborNumGreedyEcelf_4000_50_30_10_1 (k int(20) NOT NULL,influence double ,nodes longtext, PRIMARY KEY (k)) ENGINE=InnoDB DEFAULT CHARSET=utf8
1--->882.72435--time-->188.267s
INSERT INTO 20000ca_HepPh1_neiborNumGreedyEcelf_4000_50_30_10_1 values (1,882.72435, '[3829]');
2--->1047.145--time-->211.365s
INSERT INTO 20000ca_HepPh1_neiborNumGreedyEcelf_4000_50_30_10_1 values (2,1047.145, '[3829, 2694]');
3--->1128.6735--time-->205.338s
INSERT INTO 20000ca_HepPh1_neiborNumGreedyEcelf_4000_50_30_10_1 values (3,1128.6735, '[10666, 3829, 2694]');
4--->1223.8831--time-->211.377s
INSERT INTO 20000ca_HepPh1_neiborNumGreedyEcelf_4000_50_30_10_1 values (4,1223.8831, '[10666, 3829, 11335, 2694]');
5--->1319.4458--time-->221.907s
INSERT INTO 20000ca_HepPh1_neiborNumGreedyEcelf_4000_50_30_10_1 values (5,1319.4458, '[10666, 11043, 3829, 11335, 2694]');
6--->1344.34025--time-->226.423s
INSERT INTO 20000ca_HepPh1_neiborNumGreedyEcelf_4000_50_30_10_1 values (6,1344.34025, '[10666, 11043, 9804, 3829, 11335, 2694]');
7--->1392.35475--time-->229.433s
INSERT INTO 20000ca_HepPh1_neiborNumGreedyEcelf_4000_50_30_10_1 values (7,1392.35475, '[10666, 11043, 9804, 3829, 11335, 2694, 8865]');
8--->1461.425--time-->226.921s
INSERT INTO 20000ca_HepPh1_neiborNumGreedyEcelf_4000_50_30_10_1 values (8,1461.425, '[10666, 11043, 9804, 3829, 5618, 11335, 2694, 8865]');
9--->1534.52515--time-->231.945s
INSERT INTO 20000ca_HepPh1_neiborNumGreedyEcelf_4000_50_30_10_1 values (9,1534.52515, '[10666, 11043, 9804, 3829, 5618, 11335, 2694, 8865, 5124]');
10--->1570.876--time-->234.967s
INSERT INTO 20000ca_HepPh1_neiborNumGreedyEcelf_4000_50_30_10_1 values (10,1570.876, '[10666, 11043, 9804, 3829, 5618, 11335, 2694, 8865, 5124, 5988]');
11--->1582.7848--time-->219.405s
INSERT INTO 20000ca_HepPh1_neiborNumGreedyEcelf_4000_50_30_10_1 values (11,1582.7848, '[10666, 11043, 9804, 3829, 5618, 11335, 2694, 8865, 944, 5124, 5988]');
12--->1611.0595--time-->234.959s
INSERT INTO 20000ca_HepPh1_neiborNumGreedyEcelf_4000_50_30_10_1 values (12,1611.0595, '[10666, 11043, 9804, 3829, 5618, 2480, 11335, 2694, 8865, 944, 5124, 5988]');
13--->1638.55975--time-->223.432s
INSERT INTO 20000ca_HepPh1_neiborNumGreedyEcelf_4000_50_30_10_1 values (13,1638.55975, '[10735, 10666, 11043, 9804, 3829, 5618, 8865, 944, 5124, 2480, 11335, 2694, 5988]');
14--->1690.62255--time-->241.987s
INSERT INTO 20000ca_HepPh1_neiborNumGreedyEcelf_4000_50_30_10_1 values (14,1690.62255, '[10735, 10666, 11043, 9804, 3829, 5618, 8865, 944, 5124, 2480, 11335, 723, 2694, 5988]');
15--->1714.5446--time-->228.451s
INSERT INTO 20000ca_HepPh1_neiborNumGreedyEcelf_4000_50_30_10_1 values (15,1714.5446, '[10735, 10666, 11043, 9804, 3829, 5618, 8865, 944, 5124, 5269, 2480, 11335, 2694, 723, 5988]');
16--->1821.65735--time-->229.436s
INSERT INTO 20000ca_HepPh1_neiborNumGreedyEcelf_4000_50_30_10_1 values (16,1821.65735, '[10735, 10666, 11043, 9804, 3829, 5618, 8865, 944, 5124, 5269, 2480, 11335, 2694, 723, 5988, 2364]');
17--->1866.77665--time-->231.443s
INSERT INTO 20000ca_HepPh1_neiborNumGreedyEcelf_4000_50_30_10_1 values (17,1866.77665, '[10735, 10666, 11043, 9804, 3829, 5618, 8865, 944, 5124, 5269, 2480, 1283, 11335, 2694, 723, 5988, 2364]');
18--->1926.8091--time-->236.975s
INSERT INTO 20000ca_HepPh1_neiborNumGreedyEcelf_4000_50_30_10_1 values (18,1926.8091, '[10735, 10666, 11043, 9804, 3829, 5618, 8865, 944, 5124, 5269, 4898, 2480, 11335, 1283, 2694, 723, 5988, 2364]');
19--->1935.0512--time-->223.418s
INSERT INTO 20000ca_HepPh1_neiborNumGreedyEcelf_4000_50_30_10_1 values (19,1935.0512, '[10735, 10666, 11043, 9804, 3829, 5618, 8865, 944, 5124, 5269, 4898, 2480, 11335, 1283, 2694, 723, 5988, 2364, 6279]');
20--->1998.951--time-->227.441s
INSERT INTO 20000ca_HepPh1_neiborNumGreedyEcelf_4000_50_30_10_1 values (20,1998.951, '[10735, 10666, 4100, 11043, 9804, 3829, 5618, 8865, 944, 5124, 5269, 4898, 2480, 11335, 1283, 2694, 723, 5988, 2364, 6279]');
21--->2031.5292--time-->235.972s
INSERT INTO 20000ca_HepPh1_neiborNumGreedyEcelf_4000_50_30_10_1 values (21,2031.5292, '[10735, 11208, 10666, 4100, 11043, 9804, 3829, 5618, 8865, 944, 5124, 5269, 4898, 2480, 11335, 1283, 2694, 723, 5988, 2364, 6279]');
22--->2081.95885--time-->231.963s
INSERT INTO 20000ca_HepPh1_neiborNumGreedyEcelf_4000_50_30_10_1 values (22,2081.95885, '[10735, 11208, 10666, 4100, 11043, 9804, 3829, 5618, 8865, 944, 5124, 3034, 5269, 4898, 2480, 11335, 1283, 2694, 723, 5988, 2364, 6279]');
23--->2099.82675--time-->221.401s
INSERT INTO 20000ca_HepPh1_neiborNumGreedyEcelf_4000_50_30_10_1 values (23,2099.82675, '[10735, 6161, 11208, 10666, 4100, 11043, 9804, 3829, 5618, 8865, 944, 5124, 3034, 5269, 4898, 2480, 11335, 1283, 2694, 723, 5988, 2364, 6279]');
24--->2103.97235--time-->220.915s
INSERT INTO 20000ca_HepPh1_neiborNumGreedyEcelf_4000_50_30_10_1 values (24,2103.97235, '[10735, 6161, 11208, 10666, 744, 4100, 11043, 9804, 3829, 5618, 8865, 944, 5124, 3034, 5269, 4898, 2480, 11335, 1283, 2694, 723, 5988, 2364, 6279]');
25--->2116.7174--time-->222.923s
INSERT INTO 20000ca_HepPh1_neiborNumGreedyEcelf_4000_50_30_10_1 values (25,2116.7174, '[744, 11043, 3829, 5618, 8865, 944, 1283, 11335, 10735, 6161, 11208, 10666, 4100, 5192, 9804, 5124, 3034, 5269, 4898, 2480, 2694, 723, 5988, 2364, 6279]');
26--->2125.7964--time-->233.956s
INSERT INTO 20000ca_HepPh1_neiborNumGreedyEcelf_4000_50_30_10_1 values (26,2125.7964, '[744, 11043, 3829, 5618, 8865, 944, 7460, 1283, 11335, 10735, 6161, 11208, 10666, 4100, 5192, 9804, 5124, 3034, 5269, 4898, 2480, 2694, 723, 5988, 2364, 6279]');
27--->2140.59935--time-->233.466s
INSERT INTO 20000ca_HepPh1_neiborNumGreedyEcelf_4000_50_30_10_1 values (27,2140.59935, '[744, 11043, 3829, 5618, 8865, 944, 7460, 1283, 11335, 10735, 6161, 11208, 10666, 4100, 5192, 9804, 5124, 3034, 5269, 4898, 2480, 2694, 723, 2215, 2364, 5988, 6279]');
28--->2163.76385--time-->222.415s
INSERT INTO 20000ca_HepPh1_neiborNumGreedyEcelf_4000_50_30_10_1 values (28,2163.76385, '[744, 11043, 3829, 5618, 8865, 944, 7460, 1283, 11335, 10735, 6161, 11208, 10666, 4100, 5192, 9804, 5124, 1320, 3034, 5269, 4898, 2480, 2694, 723, 2215, 2364, 5988, 6279]');
29--->2166.7423--time-->234.97s
INSERT INTO 20000ca_HepPh1_neiborNumGreedyEcelf_4000_50_30_10_1 values (29,2166.7423, '[744, 11043, 3829, 5618, 8865, 944, 7460, 4526, 1283, 11335, 10735, 11208, 10666, 6161, 4100, 5192, 9804, 5124, 1320, 3034, 5269, 4898, 2480, 2694, 723, 2215, 2364, 5988, 6279]');
30--->2179.29775--time-->222.414s
INSERT INTO 20000ca_HepPh1_neiborNumGreedyEcelf_4000_50_30_10_1 values (30,2179.29775, '[5916, 744, 11043, 3829, 5618, 8865, 944, 7460, 4526, 1283, 11335, 10735, 10666, 11208, 6161, 4100, 5192, 9804, 5124, 1320, 3034, 5269, 4898, 2480, 723, 2694, 2215, 2364, 5988, 6279]');
31--->2183.06935--time-->222.921s
INSERT INTO 20000ca_HepPh1_neiborNumGreedyEcelf_4000_50_30_10_1 values (31,2183.06935, '[5916, 744, 11043, 3829, 5618, 8865, 944, 7460, 4526, 1283, 11335, 10735, 10666, 11208, 6161, 4100, 5192, 9804, 798, 5124, 1320, 3034, 5269, 4898, 2480, 723, 2694, 2215, 2364, 5988, 6279]');
32--->2198.2446--time-->232.447s
INSERT INTO 20000ca_HepPh1_neiborNumGreedyEcelf_4000_50_30_10_1 values (32,2198.2446, '[5916, 744, 11043, 3829, 5618, 8865, 944, 7460, 4526, 1283, 11335, 10735, 10666, 11208, 6161, 4100, 5192, 9804, 798, 5124, 6555, 1320, 3034, 5269, 4898, 2480, 723, 2694, 2215, 2364, 5988, 6279]');
33--->2203.32605--time-->226.424s
INSERT INTO 20000ca_HepPh1_neiborNumGreedyEcelf_4000_50_30_10_1 values (33,2203.32605, '[5916, 744, 11043, 3829, 5618, 8865, 944, 7460, 4526, 1283, 11335, 10735, 10666, 11208, 6161, 4100, 5192, 9804, 798, 5124, 6555, 1320, 3034, 5269, 4898, 2480, 723, 2694, 2215, 2364, 5988, 6279, 1691]');
34--->2216.14725--time-->234.96s
INSERT INTO 20000ca_HepPh1_neiborNumGreedyEcelf_4000_50_30_10_1 values (34,2216.14725, '[5916, 744, 11043, 3829, 5618, 8865, 944, 7460, 9551, 4526, 1283, 11335, 10735, 10666, 11208, 6161, 4100, 5192, 9804, 798, 5124, 6555, 1320, 3034, 5269, 4898, 2480, 723, 2694, 2215, 2364, 5988, 6279, 1691]');
35--->2231.865--time-->236.464s
INSERT INTO 20000ca_HepPh1_neiborNumGreedyEcelf_4000_50_30_10_1 values (35,2231.865, '[5916, 744, 11043, 3829, 5618, 8865, 944, 7460, 9551, 4526, 6030, 1283, 11335, 10735, 10666, 11208, 6161, 4100, 5192, 9804, 798, 5124, 6555, 1320, 3034, 5269, 4898, 2480, 723, 2694, 2215, 2364, 5988, 6279, 1691]');
36--->2234.04195--time-->223.922s
INSERT INTO 20000ca_HepPh1_neiborNumGreedyEcelf_4000_50_30_10_1 values (36,2234.04195, '[5916, 744, 11043, 3829, 5618, 8865, 944, 7460, 9551, 4526, 6030, 1283, 11335, 10735, 10666, 11208, 6161, 4100, 5192, 9804, 798, 521, 5124, 3034, 6555, 1320, 5269, 4898, 2480, 723, 2694, 2215, 2364, 5988, 6279, 1691]');
37--->2235.65595--time-->221.916s
INSERT INTO 20000ca_HepPh1_neiborNumGreedyEcelf_4000_50_30_10_1 values (37,2235.65595, '[686, 5916, 744, 11043, 3829, 5618, 8865, 944, 7460, 9551, 4526, 6030, 11335, 1283, 10735, 10666, 11208, 6161, 4100, 5192, 9804, 798, 521, 5124, 3034, 1320, 6555, 5269, 4898, 2480, 723, 2694, 2215, 2364, 5988, 6279, 1691]');
38--->2248.6497--time-->229.942s
INSERT INTO 20000ca_HepPh1_neiborNumGreedyEcelf_4000_50_30_10_1 values (38,2248.6497, '[686, 5916, 744, 11043, 3829, 5618, 8865, 944, 7460, 9551, 4526, 6030, 11335, 1283, 8285, 10735, 10666, 11208, 6161, 4100, 5192, 9804, 798, 521, 5124, 3034, 1320, 6555, 5269, 4898, 2480, 723, 2694, 2215, 2364, 5988, 6279, 1691]');
39--->2267.229--time-->234.958s
INSERT INTO 20000ca_HepPh1_neiborNumGreedyEcelf_4000_50_30_10_1 values (39,2267.229, '[686, 5916, 744, 11043, 3829, 5618, 8865, 944, 7460, 9551, 4526, 6030, 11335, 1283, 8285, 10735, 10666, 11208, 6161, 990, 4100, 5192, 9804, 798, 5124, 521, 3034, 1320, 6555, 5269, 4898, 2480, 723, 2694, 2215, 2364, 5988, 6279, 1691]');
40--->2272.0415--time-->234.463s
INSERT INTO 20000ca_HepPh1_neiborNumGreedyEcelf_4000_50_30_10_1 values (40,2272.0415, '[686, 5916, 744, 11043, 3829, 5618, 8865, 944, 7460, 9551, 4526, 6030, 11335, 1283, 8285, 10735, 10666, 11208, 6161, 990, 4100, 5192, 9804, 798, 1542, 5124, 521, 3034, 1320, 6555, 5269, 4898, 2480, 723, 2694, 2215, 2364, 5988, 6279, 1691]');
41--->2276.8973--time-->223.422s
INSERT INTO 20000ca_HepPh1_neiborNumGreedyEcelf_4000_50_30_10_1 values (41,2276.8973, '[686, 5916, 744, 11043, 3829, 5618, 8865, 944, 7460, 9551, 4526, 6030, 11335, 1283, 8285, 1789, 10735, 10666, 11208, 6161, 990, 4100, 5192, 9804, 798, 1542, 5124, 521, 3034, 1320, 6555, 5269, 4898, 2480, 723, 2694, 2215, 2364, 5988, 6279, 1691]');
42--->2337.9957--time-->231.443s
INSERT INTO 20000ca_HepPh1_neiborNumGreedyEcelf_4000_50_30_10_1 values (42,2337.9957, '[686, 5916, 744, 11043, 3829, 5618, 8865, 944, 7460, 9551, 4526, 6030, 11335, 1283, 8285, 1789, 10735, 10666, 11208, 6161, 990, 4100, 5192, 9804, 798, 1542, 5124, 521, 3034, 1320, 6555, 5097, 5269, 4898, 2480, 723, 2694, 2215, 2364, 5988, 6279, 1691]');
43--->2358.5704--time-->232.45s
INSERT INTO 20000ca_HepPh1_neiborNumGreedyEcelf_4000_50_30_10_1 values (43,2358.5704, '[686, 5916, 744, 8198, 11043, 3829, 5618, 8865, 944, 7460, 9551, 4526, 6030, 11335, 1283, 8285, 1789, 10735, 10666, 11208, 6161, 990, 4100, 5192, 9804, 798, 1542, 5124, 521, 3034, 1320, 6555, 5097, 5269, 4898, 2480, 723, 2694, 2215, 2364, 5988, 6279, 1691]');
44--->2377.11305--time-->232.455s
INSERT INTO 20000ca_HepPh1_neiborNumGreedyEcelf_4000_50_30_10_1 values (44,2377.11305, '[686, 5916, 744, 8198, 11043, 3829, 5618, 8865, 944, 7460, 9551, 4526, 6030, 11335, 1283, 8285, 1789, 10735, 10666, 11208, 6161, 990, 4100, 5192, 9804, 798, 1542, 5124, 521, 9388, 3034, 1320, 6555, 5097, 5269, 4898, 2480, 723, 2694, 2215, 2364, 5988, 6279, 1691]');
45--->2392.5072--time-->232.974s
INSERT INTO 20000ca_HepPh1_neiborNumGreedyEcelf_4000_50_30_10_1 values (45,2392.5072, '[686, 5916, 744, 8198, 11043, 3829, 5618, 8865, 944, 7460, 9551, 4526, 6030, 11335, 1283, 8285, 1789, 10735, 10666, 11208, 6161, 10665, 990, 4100, 5192, 9804, 798, 1542, 5124, 521, 9388, 3034, 1320, 6555, 5097, 5269, 4898, 2480, 723, 2694, 2215, 2364, 5988, 6279, 1691]');
46--->2394.25125--time-->222.416s
INSERT INTO 20000ca_HepPh1_neiborNumGreedyEcelf_4000_50_30_10_1 values (46,2394.25125, '[686, 5916, 744, 8198, 11043, 3829, 5618, 8865, 944, 7460, 9551, 4526, 6030, 145, 11335, 1283, 8285, 1789, 10735, 10666, 11208, 6161, 10665, 990, 5192, 4100, 9804, 798, 1542, 5124, 521, 9388, 3034, 1320, 6555, 5097, 5269, 4898, 2480, 723, 2694, 2215, 2364, 5988, 6279, 1691]');
47--->2398.89585--time-->222.416s
INSERT INTO 20000ca_HepPh1_neiborNumGreedyEcelf_4000_50_30_10_1 values (47,2398.89585, '[686, 5916, 744, 8198, 11043, 3829, 5618, 8865, 944, 7460, 9551, 4526, 6030, 145, 11335, 1283, 8285, 1789, 239, 10735, 10666, 11208, 6161, 10665, 990, 5192, 4100, 9804, 798, 1542, 5124, 521, 9388, 3034, 1320, 6555, 5097, 5269, 4898, 2480, 723, 2694, 2215, 2364, 5988, 6279, 1691]');
48--->2404.5127--time-->233.952s
INSERT INTO 20000ca_HepPh1_neiborNumGreedyEcelf_4000_50_30_10_1 values (48,2404.5127, '[686, 5916, 744, 8198, 11043, 3829, 5618, 8865, 944, 7460, 9551, 4526, 6030, 145, 11335, 1283, 8285, 1345, 1789, 239, 10735, 10666, 11208, 6161, 10665, 990, 5192, 4100, 9804, 798, 1542, 5124, 521, 9388, 3034, 1320, 6555, 5097, 5269, 4898, 2480, 723, 2694, 2215, 2364, 5988, 6279, 1691]');
49--->2417.0441--time-->233.467s
INSERT INTO 20000ca_HepPh1_neiborNumGreedyEcelf_4000_50_30_10_1 values (49,2417.0441, '[686, 3829, 5618, 944, 4526, 145, 8285, 1789, 1345, 10735, 6161, 11208, 4100, 5192, 798, 9388, 521, 6555, 4898, 2480, 2694, 2215, 5988, 2364, 6279, 5916, 744, 8198, 11043, 8865, 7460, 9551, 6030, 1283, 11335, 2121, 239, 10666, 10665, 990, 9804, 1542, 5124, 3034, 1320, 5097, 5269, 723, 1691]');
50--->2419.16375--time-->233.458s
INSERT INTO 20000ca_HepPh1_neiborNumGreedyEcelf_4000_50_30_10_1 values (50,2419.16375, '[686, 3829, 5618, 944, 4526, 145, 27, 8285, 1789, 1345, 10735, 6161, 11208, 4100, 5192, 798, 9388, 521, 6555, 4898, 2480, 2694, 2215, 5988, 2364, 6279, 5916, 744, 8198, 11043, 8865, 7460, 9551, 6030, 1283, 11335, 2121, 239, 10666, 10665, 990, 9804, 1542, 5124, 3034, 1320, 5097, 5269, 723, 1691]');
ca_HepPh1_neiborNumGreedyEcelf_4000_50_30_10_1------>11365.219s
_degreeDiscountIC------
CREATE TABLE 20000ca_HepPh1_degreeDiscountIC_4000_50_30_10_1 (k int(20) NOT NULL,influence double ,nodes longtext, PRIMARY KEY (k)) ENGINE=InnoDB DEFAULT CHARSET=utf8
1--->955.89675--time-->176.232s
INSERT INTO 20000ca_HepPh1_degreeDiscountIC_4000_50_30_10_1 values (1,955.89675, '[9646]');
2--->1147.92695--time-->181.75s
INSERT INTO 20000ca_HepPh1_degreeDiscountIC_4000_50_30_10_1 values (2,1147.92695, '[1156, 9646]');
3--->1246.56335--time-->180.24s
INSERT INTO 20000ca_HepPh1_degreeDiscountIC_4000_50_30_10_1 values (3,1246.56335, '[1156, 4516, 9646]');
4--->1348.0784--time-->178.729s
INSERT INTO 20000ca_HepPh1_degreeDiscountIC_4000_50_30_10_1 values (4,1348.0784, '[1156, 2412, 4516, 9646]');
5--->1404.029--time-->178.23s
INSERT INTO 20000ca_HepPh1_degreeDiscountIC_4000_50_30_10_1 values (5,1404.029, '[1156, 5483, 2412, 4516, 9646]');
6--->1440.4619--time-->177.729s
INSERT INTO 20000ca_HepPh1_degreeDiscountIC_4000_50_30_10_1 values (6,1440.4619, '[1156, 5483, 2412, 4516, 4288, 9646]');
7--->1469.97285--time-->177.727s
INSERT INTO 20000ca_HepPh1_degreeDiscountIC_4000_50_30_10_1 values (7,1469.97285, '[10134, 1156, 5483, 2412, 4516, 4288, 9646]');
8--->1504.7548--time-->172.707s
INSERT INTO 20000ca_HepPh1_degreeDiscountIC_4000_50_30_10_1 values (8,1504.7548, '[10134, 1156, 5483, 2412, 4516, 4288, 4988, 9646]');
9--->1526.39445--time-->170.196s
INSERT INTO 20000ca_HepPh1_degreeDiscountIC_4000_50_30_10_1 values (9,1526.39445, '[10134, 8845, 1156, 5483, 2412, 4516, 4288, 4988, 9646]');
10--->1549.33065--time-->175.726s
INSERT INTO 20000ca_HepPh1_degreeDiscountIC_4000_50_30_10_1 values (10,1549.33065, '[10134, 8845, 1156, 5483, 2412, 4516, 4288, 4988, 9646, 4127]');
11--->1564.79245--time-->175.214s
INSERT INTO 20000ca_HepPh1_degreeDiscountIC_4000_50_30_10_1 values (11,1564.79245, '[10134, 8845, 1156, 5483, 2412, 602, 4516, 4288, 4988, 9646, 4127]');
12--->1580.4303--time-->167.694s
INSERT INTO 20000ca_HepPh1_degreeDiscountIC_4000_50_30_10_1 values (12,1580.4303, '[11389, 10134, 8845, 1156, 5483, 2412, 602, 4516, 4288, 4988, 9646, 4127]');
13--->1590.637--time-->167.694s
INSERT INTO 20000ca_HepPh1_degreeDiscountIC_4000_50_30_10_1 values (13,1590.637, '[11389, 10134, 8845, 1156, 2412, 4288, 4988, 6991, 5483, 602, 4516, 9646, 4127]');
14--->1610.025--time-->167.693s
INSERT INTO 20000ca_HepPh1_degreeDiscountIC_4000_50_30_10_1 values (14,1610.025, '[11389, 10134, 8845, 1156, 2412, 4288, 4988, 6991, 5483, 602, 11876, 4516, 9646, 4127]');
15--->1624.5637--time-->174.715s
INSERT INTO 20000ca_HepPh1_degreeDiscountIC_4000_50_30_10_1 values (15,1624.5637, '[11389, 10134, 8845, 1156, 2412, 4288, 4988, 6991, 5483, 602, 4875, 11876, 4516, 9646, 4127]');
16--->1647.6496--time-->175.726s
INSERT INTO 20000ca_HepPh1_degreeDiscountIC_4000_50_30_10_1 values (16,1647.6496, '[11389, 10134, 8845, 8940, 1156, 2412, 4288, 4988, 6991, 5483, 602, 4516, 4875, 11876, 9646, 4127]');
17--->1668.1801--time-->175.224s
INSERT INTO 20000ca_HepPh1_degreeDiscountIC_4000_50_30_10_1 values (17,1668.1801, '[11389, 10134, 8845, 8940, 1156, 9924, 2412, 4288, 4988, 6991, 5483, 602, 4516, 11876, 4875, 9646, 4127]');
18--->1725.93755--time-->162.167s
INSERT INTO 20000ca_HepPh1_degreeDiscountIC_4000_50_30_10_1 values (18,1725.93755, '[11389, 4197, 10134, 8845, 8940, 1156, 9924, 2412, 4288, 4988, 6991, 5483, 602, 4516, 11876, 4875, 9646, 4127]');
19--->1737.4171--time-->169.192s
INSERT INTO 20000ca_HepPh1_degreeDiscountIC_4000_50_30_10_1 values (19,1737.4171, '[11389, 4197, 10134, 8845, 8940, 1156, 9924, 2412, 4288, 4988, 6991, 5483, 602, 4516, 11876, 4875, 9646, 4127, 5203]');
20--->1745.4715--time-->169.696s
INSERT INTO 20000ca_HepPh1_degreeDiscountIC_4000_50_30_10_1 values (20,1745.4715, '[11389, 4197, 10134, 8845, 8940, 1156, 6704, 9924, 2412, 4288, 4988, 6991, 5483, 602, 4516, 11876, 4875, 9646, 4127, 5203]');
21--->1749.67365--time-->169.189s
INSERT INTO 20000ca_HepPh1_degreeDiscountIC_4000_50_30_10_1 values (21,1749.67365, '[11389, 4197, 10134, 8845, 8940, 1156, 6704, 9924, 2412, 4288, 4988, 6991, 1003, 5483, 602, 4516, 11876, 4875, 9646, 4127, 5203]');
22--->1754.023--time-->168.691s
INSERT INTO 20000ca_HepPh1_degreeDiscountIC_4000_50_30_10_1 values (22,1754.023, '[11389, 4197, 10134, 8845, 8940, 1156, 6704, 9924, 2412, 4288, 4988, 6991, 1003, 5879, 5483, 602, 4516, 11876, 4875, 9646, 4127, 5203]');
23--->1760.9468--time-->162.17s
INSERT INTO 20000ca_HepPh1_degreeDiscountIC_4000_50_30_10_1 values (23,1760.9468, '[11389, 4197, 10134, 8845, 8940, 1156, 6704, 9924, 2412, 4288, 4988, 6991, 1003, 5879, 5483, 602, 4516, 11876, 4875, 6852, 9646, 4127, 5203]');
24--->1765.0919--time-->162.171s
INSERT INTO 20000ca_HepPh1_degreeDiscountIC_4000_50_30_10_1 values (24,1765.0919, '[11389, 4197, 10134, 8845, 8940, 1156, 988, 6704, 9924, 2412, 4288, 4988, 6991, 1003, 5879, 5483, 602, 4516, 11876, 4875, 6852, 9646, 4127, 5203]');
25--->1773.60055--time-->169.19s
INSERT INTO 20000ca_HepPh1_degreeDiscountIC_4000_50_30_10_1 values (25,1773.60055, '[4197, 8940, 1156, 6991, 3530, 1003, 5483, 6852, 4875, 11876, 4516, 11389, 8845, 10134, 6704, 988, 9924, 2412, 4988, 4288, 5879, 602, 9646, 4127, 5203]');
26--->1816.57315--time-->163.674s
INSERT INTO 20000ca_HepPh1_degreeDiscountIC_4000_50_30_10_1 values (26,1816.57315, '[4197, 8940, 1156, 3829, 6991, 3530, 1003, 5483, 6852, 4875, 11876, 4516, 11389, 8845, 10134, 6704, 988, 9924, 2412, 4988, 4288, 5879, 602, 9646, 5203, 4127]');
27--->1820.6481--time-->170.707s
INSERT INTO 20000ca_HepPh1_degreeDiscountIC_4000_50_30_10_1 values (27,1820.6481, '[4197, 8940, 1156, 3829, 6991, 3530, 1003, 3689, 5483, 6852, 4875, 11876, 4516, 11389, 8845, 10134, 6704, 988, 9924, 2412, 4988, 4288, 5879, 602, 9646, 5203, 4127]');
28--->1833.81865--time-->167.189s
INSERT INTO 20000ca_HepPh1_degreeDiscountIC_4000_50_30_10_1 values (28,1833.81865, '[4197, 2507, 8940, 1156, 3829, 6991, 3530, 1003, 3689, 5483, 4875, 11876, 4516, 6852, 11389, 8845, 10134, 6704, 988, 9924, 2412, 4988, 4288, 5879, 602, 9646, 5203, 4127]');
29--->1870.95935--time-->168.191s
INSERT INTO 20000ca_HepPh1_degreeDiscountIC_4000_50_30_10_1 values (29,1870.95935, '[4197, 2507, 8940, 1156, 3829, 6991, 3530, 1003, 3689, 3964, 5483, 11876, 4516, 4875, 6852, 11389, 8845, 10134, 6704, 988, 9924, 2412, 4988, 4288, 5879, 602, 9646, 5203, 4127]');
30--->1873.4417--time-->159.15s
INSERT INTO 20000ca_HepPh1_degreeDiscountIC_4000_50_30_10_1 values (30,1873.4417, '[4197, 2507, 8940, 1156, 3829, 6991, 3530, 1003, 3689, 3964, 8513, 5483, 4516, 11876, 4875, 6852, 11389, 8845, 10134, 6704, 988, 9924, 2412, 4988, 4288, 5879, 602, 9646, 5203, 4127]');
31--->1877.3084--time-->168.699s
INSERT INTO 20000ca_HepPh1_degreeDiscountIC_4000_50_30_10_1 values (31,1877.3084, '[4197, 2507, 8940, 1156, 3829, 6991, 3530, 7043, 1003, 3689, 3964, 8513, 5483, 4516, 11876, 4875, 6852, 11389, 8845, 10134, 6704, 988, 9924, 2412, 4288, 4988, 5879, 602, 9646, 5203, 4127]');
32--->1882.8717--time-->161.167s
INSERT INTO 20000ca_HepPh1_degreeDiscountIC_4000_50_30_10_1 values (32,1882.8717, '[4197, 2507, 8940, 1156, 3829, 6991, 3530, 7043, 1003, 3689, 3964, 8513, 5483, 4516, 11876, 4875, 6852, 11389, 8845, 10134, 6704, 988, 9924, 2412, 4288, 4988, 911, 5879, 602, 9646, 5203, 4127]');
33--->1887.1895--time-->161.165s
INSERT INTO 20000ca_HepPh1_degreeDiscountIC_4000_50_30_10_1 values (33,1887.1895, '[4197, 2507, 8940, 1156, 3829, 6991, 3530, 7043, 1003, 3689, 3964, 8513, 5483, 10082, 4516, 11876, 4875, 6852, 11389, 8845, 10134, 6704, 988, 9924, 2412, 4288, 4988, 911, 5879, 602, 9646, 5203, 4127]');
34--->1889.60255--time-->168.687s
INSERT INTO 20000ca_HepPh1_degreeDiscountIC_4000_50_30_10_1 values (34,1889.60255, '[4197, 2507, 8940, 1156, 3829, 6991, 3530, 7043, 6507, 1003, 3689, 3964, 8513, 5483, 10082, 4516, 11876, 4875, 6852, 11389, 8845, 10134, 6704, 988, 9924, 2412, 4288, 4988, 911, 5879, 602, 9646, 5203, 4127]');
35--->1897.55935--time-->168.691s
INSERT INTO 20000ca_HepPh1_degreeDiscountIC_4000_50_30_10_1 values (35,1897.55935, '[4197, 2507, 8940, 1156, 3829, 6991, 3530, 7043, 6507, 1003, 3689, 5245, 8513, 3964, 5483, 10082, 4516, 11876, 4875, 6852, 11389, 8845, 10134, 6704, 988, 9924, 2412, 4288, 4988, 911, 5879, 602, 9646, 5203, 4127]');
36--->1902.32735--time-->159.661s
INSERT INTO 20000ca_HepPh1_degreeDiscountIC_4000_50_30_10_1 values (36,1902.32735, '[4197, 2507, 8940, 1156, 3642, 3829, 6991, 3530, 7043, 6507, 1003, 3689, 5245, 8513, 3964, 5483, 10082, 4516, 11876, 4875, 6852, 11389, 8845, 10134, 988, 6704, 9924, 2412, 4288, 4988, 911, 5879, 602, 9646, 5203, 4127]');
37--->1903.9049--time-->161.164s
INSERT INTO 20000ca_HepPh1_degreeDiscountIC_4000_50_30_10_1 values (37,1903.9049, '[4197, 2507, 8940, 1156, 3642, 3829, 6991, 3530, 7043, 6507, 1003, 3689, 5245, 8513, 3964, 11260, 5483, 10082, 4516, 11876, 4875, 6852, 11389, 8845, 10134, 988, 6704, 9924, 2412, 4288, 4988, 911, 5879, 602, 9646, 5203, 4127]');
38--->1909.76125--time-->168.691s
INSERT INTO 20000ca_HepPh1_degreeDiscountIC_4000_50_30_10_1 values (38,1909.76125, '[4197, 2507, 8940, 1156, 3642, 3829, 6991, 3530, 7043, 6507, 1003, 3689, 5245, 8513, 3964, 11260, 5483, 10082, 4516, 11876, 4875, 6852, 11389, 8845, 10134, 2238, 988, 6704, 9924, 2412, 4288, 4988, 911, 5879, 602, 9646, 5203, 4127]');
39--->1931.13125--time-->169.704s
INSERT INTO 20000ca_HepPh1_degreeDiscountIC_4000_50_30_10_1 values (39,1931.13125, '[4197, 2507, 8940, 1156, 3642, 3829, 6991, 3530, 7043, 6507, 1003, 3689, 5245, 8513, 3964, 11260, 5483, 10082, 4516, 11876, 4875, 6852, 11389, 8845, 10134, 2238, 988, 6704, 9924, 2412, 4288, 4988, 911, 5879, 6116, 602, 9646, 5203, 4127]');
40--->1936.24135--time-->169.695s
INSERT INTO 20000ca_HepPh1_degreeDiscountIC_4000_50_30_10_1 values (40,1936.24135, '[4197, 2507, 8940, 1156, 3642, 3829, 6991, 3530, 7043, 6507, 1003, 3689, 5245, 8513, 3964, 11260, 5483, 10082, 4516, 11876, 4875, 6852, 11389, 8845, 10134, 2238, 988, 6704, 9924, 11214, 2412, 4288, 4988, 911, 5879, 6116, 602, 9646, 5203, 4127]');
41--->1943.6379--time-->169.691s
INSERT INTO 20000ca_HepPh1_degreeDiscountIC_4000_50_30_10_1 values (41,1943.6379, '[4197, 2507, 8940, 1156, 3642, 3829, 6991, 3530, 7043, 6507, 1003, 3689, 5245, 8513, 3964, 11260, 5483, 10082, 4516, 11876, 4875, 6852, 11389, 8845, 10134, 2238, 7859, 988, 6704, 9924, 11214, 2412, 4288, 4988, 911, 5879, 6116, 602, 9646, 5203, 4127]');
42--->1960.90435--time-->163.68s
INSERT INTO 20000ca_HepPh1_degreeDiscountIC_4000_50_30_10_1 values (42,1960.90435, '[4197, 2507, 8940, 1156, 3642, 3829, 6991, 3530, 7043, 6507, 6382, 1003, 5245, 3689, 8513, 3964, 11260, 5483, 10082, 4516, 11876, 4875, 6852, 11389, 10134, 8845, 2238, 7859, 988, 6704, 9924, 11214, 2412, 4288, 4988, 911, 5879, 6116, 602, 9646, 5203, 4127]');
43--->1965.57675--time-->168.69s
INSERT INTO 20000ca_HepPh1_degreeDiscountIC_4000_50_30_10_1 values (43,1965.57675, '[4197, 2507, 8940, 1156, 3642, 3829, 6991, 3530, 7043, 6507, 6382, 1003, 5244, 5245, 3689, 8513, 3964, 11260, 5483, 10082, 4516, 11876, 4875, 6852, 11389, 10134, 8845, 2238, 7859, 988, 6704, 9924, 11214, 2412, 4288, 4988, 911, 5879, 6116, 602, 9646, 5203, 4127]');
44--->1969.83315--time-->168.191s
INSERT INTO 20000ca_HepPh1_degreeDiscountIC_4000_50_30_10_1 values (44,1969.83315, '[4197, 2507, 8940, 1156, 3642, 3829, 6991, 3530, 7043, 6507, 6382, 1003, 5244, 5245, 3689, 8513, 3964, 11260, 5483, 10082, 4516, 11876, 4875, 6852, 7887, 11389, 10134, 8845, 2238, 7859, 988, 6704, 9924, 11214, 2412, 4288, 4988, 911, 5879, 6116, 602, 9646, 5203, 4127]');
45--->1971.09695--time-->160.668s
INSERT INTO 20000ca_HepPh1_degreeDiscountIC_4000_50_30_10_1 values (45,1971.09695, '[4197, 2507, 8940, 1156, 3642, 3829, 6991, 3530, 7043, 6507, 6382, 1003, 5244, 5245, 3689, 8513, 3964, 11260, 5483, 10082, 4516, 11876, 4875, 6852, 3077, 7887, 11389, 10134, 8845, 2238, 7859, 988, 6704, 9924, 11214, 2412, 4288, 4988, 911, 5879, 6116, 602, 9646, 5203, 4127]');
46--->1971.9761--time-->168.195s
INSERT INTO 20000ca_HepPh1_degreeDiscountIC_4000_50_30_10_1 values (46,1971.9761, '[4197, 2507, 8940, 1156, 3642, 3829, 3088, 6991, 3530, 7043, 6507, 6382, 5244, 1003, 5245, 3689, 8513, 3964, 11260, 5483, 10082, 4516, 11876, 4875, 6852, 3077, 7887, 11389, 10134, 8845, 2238, 7859, 988, 6704, 9924, 11214, 2412, 4288, 4988, 911, 5879, 6116, 602, 9646, 5203, 4127]');
47--->1986.7268--time-->167.684s
INSERT INTO 20000ca_HepPh1_degreeDiscountIC_4000_50_30_10_1 values (47,1986.7268, '[4197, 2507, 8940, 1156, 3642, 3829, 3088, 6991, 3530, 7043, 6507, 6382, 5244, 1003, 5245, 3689, 8513, 3964, 11260, 5483, 10082, 4220, 6852, 4516, 11876, 4875, 3077, 7887, 11389, 10134, 8845, 2238, 7859, 988, 6704, 9924, 11214, 2412, 4288, 4988, 911, 5879, 6116, 602, 9646, 5203, 4127]');
48--->1991.9396--time-->167.687s
INSERT INTO 20000ca_HepPh1_degreeDiscountIC_4000_50_30_10_1 values (48,1991.9396, '[4197, 2507, 8940, 1156, 3642, 3829, 3088, 6991, 3530, 7043, 6507, 6382, 5244, 1003, 8413, 5245, 3689, 8513, 3964, 11260, 5483, 10082, 4220, 6852, 4875, 4516, 11876, 3077, 7887, 11389, 10134, 8845, 2238, 7859, 988, 6704, 9924, 11214, 2412, 4288, 4988, 911, 5879, 6116, 602, 9646, 5203, 4127]');
49--->1997.14035--time-->159.652s
INSERT INTO 20000ca_HepPh1_degreeDiscountIC_4000_50_30_10_1 values (49,1997.14035, '[8940, 3829, 3530, 7043, 5244, 3689, 5245, 8413, 3964, 8513, 5483, 11260, 4516, 4875, 7887, 10134, 2238, 6704, 11214, 911, 6116, 5879, 9646, 4127, 5203, 4197, 2507, 1156, 3642, 3088, 6991, 6507, 6382, 1003, 10082, 4220, 6852, 11876, 3077, 11389, 11508, 8845, 7859, 988, 9924, 2412, 4288, 4988, 602]');
50--->1998.4325--time-->167.189s
INSERT INTO 20000ca_HepPh1_degreeDiscountIC_4000_50_30_10_1 values (50,1998.4325, '[8940, 3829, 3530, 7043, 5244, 3689, 5245, 8413, 3964, 8513, 5483, 11260, 4516, 4875, 7887, 10134, 2238, 6704, 11214, 3429, 911, 6116, 5879, 9646, 5203, 4127, 4197, 2507, 1156, 3642, 3088, 6991, 6507, 6382, 1003, 10082, 4220, 6852, 11876, 3077, 11389, 11508, 8845, 7859, 988, 9924, 2412, 4288, 4988, 602]');
ca_HepPh1_degreeDiscountIC_4000_50_30_10_1------>8455.753s
_random------
CREATE TABLE 20000ca_HepPh1_random_4000_50_30_10_1 (k int(20) NOT NULL,influence double ,nodes longtext, PRIMARY KEY (k)) ENGINE=InnoDB DEFAULT CHARSET=utf8
1--->241.03445--time-->149.118s
INSERT INTO 20000ca_HepPh1_random_4000_50_30_10_1 values (1,241.03445, '[1935]');
2--->249.71885--time-->156.138s
INSERT INTO 20000ca_HepPh1_random_4000_50_30_10_1 values (2,249.71885, '[8651, 1935]');
3--->612.8622--time-->236.964s
INSERT INTO 20000ca_HepPh1_random_4000_50_30_10_1 values (3,612.8622, '[2624, 8651, 1935]');
4--->732.10615--time-->242.995s
INSERT INTO 20000ca_HepPh1_random_4000_50_30_10_1 values (4,732.10615, '[2624, 8651, 1935, 4973]');
5--->734.89905--time-->222.923s
INSERT INTO 20000ca_HepPh1_random_4000_50_30_10_1 values (5,734.89905, '[2624, 10356, 8651, 1935, 4973]');
6--->738.78555--time-->222.401s
INSERT INTO 20000ca_HepPh1_random_4000_50_30_10_1 values (6,738.78555, '[2624, 10356, 3852, 8651, 1935, 4973]');
7--->740.35675--time-->245.512s
INSERT INTO 20000ca_HepPh1_random_4000_50_30_10_1 values (7,740.35675, '[2624, 10356, 3852, 8651, 1935, 9961, 4973]');
8--->884.92565--time-->232.459s
INSERT INTO 20000ca_HepPh1_random_4000_50_30_10_1 values (8,884.92565, '[2624, 10356, 3852, 8651, 1935, 9961, 4973, 5415]');
9--->886.6029--time-->227.474s
INSERT INTO 20000ca_HepPh1_random_4000_50_30_10_1 values (9,886.6029, '[2624, 10356, 7297, 3852, 8651, 1935, 9961, 4973, 5415]');
10--->1092.78555--time-->173.215s
INSERT INTO 20000ca_HepPh1_random_4000_50_30_10_1 values (10,1092.78555, '[2624, 10356, 7297, 6607, 3852, 8651, 1935, 9961, 4973, 5415]');
11--->1095.6345--time-->184.252s
INSERT INTO 20000ca_HepPh1_random_4000_50_30_10_1 values (11,1095.6345, '[2624, 10356, 7297, 6607, 3852, 1898, 8651, 1935, 9961, 4973, 5415]');
12--->1097.62405--time-->184.259s
INSERT INTO 20000ca_HepPh1_random_4000_50_30_10_1 values (12,1097.62405, '[2624, 10356, 7297, 6607, 3852, 1898, 8651, 1935, 9961, 11432, 4973, 5415]');
13--->1103.2425--time-->184.755s
INSERT INTO 20000ca_HepPh1_random_4000_50_30_10_1 values (13,1103.2425, '[10356, 6607, 3852, 9961, 3768, 2624, 7297, 1898, 8651, 1935, 11432, 4973, 5415]');
14--->1111.87085--time-->174.718s
INSERT INTO 20000ca_HepPh1_random_4000_50_30_10_1 values (14,1111.87085, '[10356, 6607, 3852, 9961, 3768, 1866, 2624, 7297, 1898, 8651, 1935, 11432, 4973, 5415]');
15--->1113.88985--time-->174.215s
INSERT INTO 20000ca_HepPh1_random_4000_50_30_10_1 values (15,1113.88985, '[10356, 6607, 3852, 6199, 9961, 3768, 1866, 2624, 7297, 1898, 8651, 1935, 11432, 4973, 5415]');
16--->1139.25345--time-->176.736s
INSERT INTO 20000ca_HepPh1_random_4000_50_30_10_1 values (16,1139.25345, '[10356, 6607, 3852, 6199, 9961, 3768, 1866, 2624, 7297, 1898, 8651, 1935, 11432, 6644, 4973, 5415]');
17--->1141.25725--time-->187.269s
INSERT INTO 20000ca_HepPh1_random_4000_50_30_10_1 values (17,1141.25725, '[238, 10356, 6607, 3852, 6199, 9961, 3768, 1866, 2624, 7297, 1898, 8651, 1935, 11432, 6644, 4973, 5415]');
18--->1144.78655--time-->176.226s
INSERT INTO 20000ca_HepPh1_random_4000_50_30_10_1 values (18,1144.78655, '[238, 10356, 6607, 3852, 6199, 9961, 3768, 1866, 2624, 7297, 1898, 156, 8651, 1935, 11432, 6644, 4973, 5415]');
19--->1147.3125--time-->176.229s
INSERT INTO 20000ca_HepPh1_random_4000_50_30_10_1 values (19,1147.3125, '[238, 10356, 6607, 3852, 6199, 507, 9961, 3768, 1866, 2624, 7297, 1898, 156, 8651, 1935, 11432, 6644, 4973, 5415]');
20--->1149.14225--time-->187.779s
INSERT INTO 20000ca_HepPh1_random_4000_50_30_10_1 values (20,1149.14225, '[238, 10356, 6607, 3852, 952, 6199, 507, 9961, 3768, 1866, 2624, 7297, 1898, 156, 8651, 1935, 11432, 6644, 4973, 5415]');
21--->1172.6318--time-->177.723s
INSERT INTO 20000ca_HepPh1_random_4000_50_30_10_1 values (21,1172.6318, '[238, 10356, 6607, 3852, 4885, 952, 6199, 507, 9961, 3768, 1866, 2624, 7297, 1898, 156, 8651, 1935, 11432, 6644, 4973, 5415]');
22--->1176.32715--time-->189.791s
INSERT INTO 20000ca_HepPh1_random_4000_50_30_10_1 values (22,1176.32715, '[238, 10356, 6607, 3852, 4885, 952, 6199, 7497, 507, 9961, 3768, 1866, 2624, 7297, 1898, 156, 8651, 1935, 11432, 6644, 4973, 5415]');
23--->1195.4619--time-->191.785s
INSERT INTO 20000ca_HepPh1_random_4000_50_30_10_1 values (23,1195.4619, '[7435, 238, 10356, 6607, 3852, 4885, 952, 6199, 7497, 507, 9961, 3768, 2624, 1866, 7297, 1898, 156, 8651, 1935, 11432, 6644, 4973, 5415]');
24--->1198.9945--time-->179.249s
INSERT INTO 20000ca_HepPh1_random_4000_50_30_10_1 values (24,1198.9945, '[7435, 238, 10356, 6607, 3852, 4885, 952, 6199, 7497, 8197, 507, 9961, 3768, 2624, 1866, 7297, 1898, 156, 8651, 1935, 11432, 6644, 4973, 5415]');
25--->1238.8327--time-->179.239s
INSERT INTO 20000ca_HepPh1_random_4000_50_30_10_1 values (25,1238.8327, '[4885, 952, 6199, 8197, 9961, 3768, 1898, 156, 8651, 6644, 5415, 7435, 6607, 10356, 238, 3852, 7497, 507, 2624, 1866, 7297, 1935, 11432, 7645, 4973]');
26--->1245.12355--time-->191.792s
INSERT INTO 20000ca_HepPh1_random_4000_50_30_10_1 values (26,1245.12355, '[4885, 952, 6199, 8197, 9961, 3768, 1898, 156, 8651, 6644, 3278, 5415, 7435, 6607, 10356, 238, 3852, 7497, 507, 2624, 1866, 7297, 1935, 11432, 7645, 4973]');
27--->1246.2042--time-->191.784s
INSERT INTO 20000ca_HepPh1_random_4000_50_30_10_1 values (27,1246.2042, '[4885, 952, 6199, 8197, 9961, 3768, 1898, 156, 8651, 6644, 3278, 5415, 7435, 6607, 10356, 238, 3852, 7497, 507, 2624, 1866, 7297, 10062, 1935, 11432, 7645, 4973]');
28--->1250.29595--time-->191.782s
INSERT INTO 20000ca_HepPh1_random_4000_50_30_10_1 values (28,1250.29595, '[4885, 952, 6199, 8197, 9961, 3768, 1898, 156, 8651, 6644, 3278, 5415, 7435, 6607, 10356, 238, 3852, 7497, 507, 2711, 2624, 1866, 7297, 10062, 1935, 11432, 7645, 4973]');
29--->1251.4922--time-->180.256s
INSERT INTO 20000ca_HepPh1_random_4000_50_30_10_1 values (29,1251.4922, '[4885, 952, 6199, 8197, 9961, 3768, 1898, 156, 8651, 6644, 3278, 5415, 7435, 6607, 10356, 238, 3852, 7497, 507, 11933, 2711, 2624, 1866, 7297, 10062, 1935, 11432, 7645, 4973]');
30--->1265.68905--time-->181.749s
INSERT INTO 20000ca_HepPh1_random_4000_50_30_10_1 values (30,1265.68905, '[4885, 952, 6199, 8197, 9961, 3768, 1898, 156, 8651, 6644, 3278, 5415, 7435, 6607, 10356, 238, 3852, 7497, 507, 11933, 2711, 2624, 1866, 7297, 906, 10062, 1935, 11432, 7645, 4973]');
31--->1276.42065--time-->193.792s
INSERT INTO 20000ca_HepPh1_random_4000_50_30_10_1 values (31,1276.42065, '[4885, 952, 6199, 278, 8197, 9961, 3768, 1898, 156, 8651, 6644, 3278, 5415, 7435, 6607, 10356, 238, 3852, 7497, 507, 11933, 2711, 2624, 1866, 7297, 906, 10062, 1935, 11432, 7645, 4973]');
32--->1282.58325--time-->194.293s
INSERT INTO 20000ca_HepPh1_random_4000_50_30_10_1 values (32,1282.58325, '[4885, 952, 6199, 278, 7288, 8197, 9961, 3768, 1898, 156, 8651, 6644, 3278, 5415, 7435, 6607, 10356, 238, 3852, 7497, 507, 11933, 2711, 2624, 1866, 7297, 906, 10062, 1935, 11432, 7645, 4973]');
33--->1284.3936--time-->194.295s
INSERT INTO 20000ca_HepPh1_random_4000_50_30_10_1 values (33,1284.3936, '[4885, 952, 6199, 278, 7288, 8197, 9961, 3768, 1898, 156, 8651, 6644, 3278, 5415, 7435, 6607, 10356, 238, 3852, 7497, 507, 11933, 2711, 2624, 1866, 7297, 906, 10062, 1935, 11432, 7645, 4973, 2093]');
34--->1287.1957--time-->182.751s
INSERT INTO 20000ca_HepPh1_random_4000_50_30_10_1 values (34,1287.1957, '[4885, 952, 6199, 278, 7288, 8197, 9961, 3768, 1898, 156, 8651, 6644, 3278, 5415, 7435, 6607, 10356, 238, 3852, 8696, 7497, 507, 11933, 2711, 1866, 2624, 7297, 906, 10062, 1935, 11432, 7645, 4973, 2093]');
35--->1289.6016--time-->194.806s
INSERT INTO 20000ca_HepPh1_random_4000_50_30_10_1 values (35,1289.6016, '[4885, 952, 6199, 278, 7288, 8197, 9961, 3768, 1898, 156, 8651, 6644, 3278, 5415, 7435, 6607, 10356, 238, 3852, 8696, 7497, 507, 11933, 2711, 1866, 2624, 7297, 2836, 906, 10062, 1935, 11432, 7645, 4973, 2093]');
36--->1326.6439--time-->197.314s
INSERT INTO 20000ca_HepPh1_random_4000_50_30_10_1 values (36,1326.6439, '[4885, 952, 6199, 278, 7288, 8197, 4815, 9961, 3768, 1898, 156, 8651, 6644, 3278, 5415, 7435, 6607, 10356, 238, 3852, 8696, 7497, 507, 11933, 2711, 1866, 2624, 7297, 2836, 906, 10062, 1935, 11432, 7645, 4973, 2093]');
37--->1329.20705--time-->197.805s
INSERT INTO 20000ca_HepPh1_random_4000_50_30_10_1 values (37,1329.20705, '[4885, 952, 6199, 278, 7288, 8197, 4815, 9961, 3768, 1898, 156, 8651, 6644, 3278, 5415, 7435, 6607, 10356, 238, 3852, 8696, 7497, 507, 2711, 587, 11933, 1866, 2624, 7297, 2836, 906, 10062, 1935, 11432, 7645, 4973, 2093]');
38--->1332.3352--time-->186.271s
INSERT INTO 20000ca_HepPh1_random_4000_50_30_10_1 values (38,1332.3352, '[4885, 952, 6199, 278, 7288, 8197, 4815, 9961, 3768, 1898, 156, 8651, 6644, 3278, 5415, 2167, 7435, 6607, 10356, 238, 3852, 8696, 7497, 507, 2711, 11933, 587, 1866, 2624, 7297, 2836, 906, 10062, 1935, 11432, 7645, 4973, 2093]');
39--->1333.478--time-->185.762s
INSERT INTO 20000ca_HepPh1_random_4000_50_30_10_1 values (39,1333.478, '[4885, 952, 6199, 278, 7288, 8197, 4815, 9961, 3768, 1898, 156, 8651, 6644, 3278, 5415, 2167, 7435, 6607, 10356, 238, 3852, 2239, 8696, 7497, 507, 2711, 11933, 587, 1866, 2624, 7297, 2836, 906, 10062, 1935, 11432, 7645, 4973, 2093]');
40--->1355.57045--time-->184.249s
INSERT INTO 20000ca_HepPh1_random_4000_50_30_10_1 values (40,1355.57045, '[4885, 952, 6199, 278, 7288, 8197, 4815, 9961, 3768, 1898, 156, 8651, 6644, 3278, 5415, 2167, 7435, 6607, 10356, 238, 3852, 2239, 8696, 7497, 507, 2711, 11933, 587, 1866, 2624, 7297, 2836, 906, 10062, 10183, 1935, 11432, 7645, 4973, 2093]');
41--->1358.25865--time-->196.305s
INSERT INTO 20000ca_HepPh1_random_4000_50_30_10_1 values (41,1358.25865, '[4885, 952, 6199, 278, 7288, 8197, 4815, 9961, 3768, 1898, 156, 8651, 6644, 3278, 5415, 2167, 7435, 6607, 10356, 238, 3852, 2239, 8696, 7497, 507, 6837, 2711, 11933, 587, 1866, 2624, 7297, 2836, 906, 10062, 10183, 1935, 11432, 7645, 4973, 2093]');
42--->1365.69285--time-->197.303s
INSERT INTO 20000ca_HepPh1_random_4000_50_30_10_1 values (42,1365.69285, '[4885, 952, 6199, 278, 7288, 8197, 4815, 9961, 3768, 1898, 156, 8651, 6644, 3278, 5415, 2167, 7435, 6607, 10356, 238, 3852, 2239, 8696, 7497, 507, 6837, 2711, 11933, 587, 1866, 2624, 7297, 1268, 2836, 906, 10062, 10183, 1935, 11432, 7645, 4973, 2093]');
43--->1368.67035--time-->196.808s
INSERT INTO 20000ca_HepPh1_random_4000_50_30_10_1 values (43,1368.67035, '[4885, 952, 6199, 278, 7288, 8197, 4815, 9961, 3768, 1898, 156, 8651, 6644, 3278, 5415, 2167, 7435, 6607, 10356, 238, 3852, 2239, 8696, 7497, 507, 6837, 2711, 11933, 587, 1866, 2624, 7297, 1268, 2836, 906, 10062, 10183, 10685, 1935, 11432, 7645, 4973, 2093]');
44--->1396.05535--time-->195.82s
INSERT INTO 20000ca_HepPh1_random_4000_50_30_10_1 values (44,1396.05535, '[4885, 952, 6199, 278, 7288, 8197, 4815, 9961, 3768, 5839, 1898, 156, 8651, 6644, 3278, 5415, 2167, 7435, 6607, 10356, 238, 3852, 2239, 8696, 7497, 507, 6837, 2711, 11933, 587, 1866, 2624, 7297, 1268, 2836, 906, 10062, 10183, 10685, 1935, 11432, 7645, 4973, 2093]');
45--->1409.00535--time-->193.796s
INSERT INTO 20000ca_HepPh1_random_4000_50_30_10_1 values (45,1409.00535, '[4885, 952, 6199, 278, 7288, 8197, 4815, 9961, 3768, 5839, 1898, 156, 8651, 6644, 3278, 5415, 2167, 7435, 6607, 10356, 238, 3852, 8496, 2239, 7497, 8696, 507, 6837, 2711, 11933, 587, 1866, 2624, 7297, 1268, 2836, 906, 10062, 10183, 10685, 1935, 11432, 7645, 4973, 2093]');
46--->1411.89625--time-->194.291s
INSERT INTO 20000ca_HepPh1_random_4000_50_30_10_1 values (46,1411.89625, '[4885, 952, 6199, 278, 7288, 8197, 4815, 9961, 3768, 5839, 10242, 1898, 156, 8651, 6644, 3278, 5415, 2167, 7435, 6607, 10356, 238, 3852, 8496, 2239, 7497, 8696, 507, 6837, 2711, 11933, 587, 1866, 2624, 7297, 1268, 2836, 906, 10062, 10183, 10685, 1935, 11432, 7645, 4973, 2093]');
47--->1413.84215--time-->193.807s
INSERT INTO 20000ca_HepPh1_random_4000_50_30_10_1 values (47,1413.84215, '[4885, 952, 6199, 278, 7288, 8197, 4815, 9961, 3768, 5839, 10242, 1898, 156, 8651, 6644, 3278, 5415, 2167, 7435, 6607, 10356, 238, 3852, 8496, 2239, 7497, 8696, 507, 6837, 2711, 11933, 587, 1866, 2624, 7297, 1268, 7998, 2836, 906, 10062, 10183, 10685, 1935, 11432, 7645, 4973, 2093]');
48--->1414.9958--time-->194.304s
INSERT INTO 20000ca_HepPh1_random_4000_50_30_10_1 values (48,1414.9958, '[4885, 952, 6199, 278, 7288, 8197, 4815, 9961, 3768, 5839, 10242, 1898, 156, 8651, 6644, 3278, 5415, 2167, 7435, 6607, 10356, 238, 3852, 8496, 2239, 7497, 8696, 507, 6837, 2711, 11933, 587, 10601, 1866, 2624, 7297, 1268, 7998, 2836, 906, 10062, 10183, 10685, 1935, 11432, 7645, 4973, 2093]');
49--->1426.55895--time-->184.26s
INSERT INTO 20000ca_HepPh1_random_4000_50_30_10_1 values (49,1426.55895, '[4885, 952, 6199, 278, 7288, 5839, 1898, 156, 8651, 3278, 10356, 2239, 8696, 7497, 6837, 11933, 2711, 10601, 1866, 1268, 2836, 906, 11432, 7645, 2093, 8197, 4815, 9961, 3768, 10242, 6644, 5415, 7435, 2167, 238, 6607, 3852, 8496, 507, 587, 10661, 2624, 7297, 7998, 10062, 10183, 10685, 1935, 4973]');
50--->1437.12705--time-->187.273s
INSERT INTO 20000ca_HepPh1_random_4000_50_30_10_1 values (50,1437.12705, '[4885, 952, 6199, 278, 7288, 5839, 1898, 156, 8651, 3278, 10356, 2239, 8696, 7497, 6837, 11933, 2711, 10601, 1866, 1268, 2836, 906, 11432, 7645, 2093, 8197, 4815, 9961, 3768, 10242, 6644, 11467, 5415, 7435, 2167, 238, 6607, 3852, 8496, 507, 587, 10661, 2624, 7297, 7998, 10062, 10183, 10685, 1935, 4973]');
ca_HepPh1_random_4000_50_30_10_1------>9618.993s